 9.57364341085271e+000    1.32803347280335e+000
 9.80620155038760e+000    1.35313807531381e+000
 1.00387596899225e+001    1.37405857740586e+000
 1.02325581395349e+001    1.39497907949791e+000
 1.04263565891473e+001    1.40753138075314e+000
 1.06589147286822e+001    1.43263598326360e+000
 1.08527131782946e+001    1.44518828451883e+000
 1.10852713178295e+001    1.47029288702929e+000
 1.15116279069767e+001    1.49958158995816e+000
 1.17441860465116e+001    1.51631799163180e+000
 1.19379844961240e+001    1.53305439330544e+000
 1.21317829457364e+001    1.54979079497908e+000
 1.22997416020672e+001    1.55397489539749e+000
 1.23987941429802e+001    1.56234309623431e+000
 1.25021533161068e+001    1.57071129707113e+000
 1.26012058570198e+001    1.57489539748954e+000
 1.27002583979328e+001    1.57907949790795e+000
 1.27993109388458e+001    1.58512319851232e+000
 1.28983634797588e+001    1.59256159925616e+000
 1.30017226528854e+001    1.59767549976755e+000
 1.31007751937985e+001    1.60278940027894e+000
 1.31998277347115e+001    1.61162250116225e+000
 1.32988802756245e+001    1.61348210134821e+000
 1.33979328165375e+001    1.61952580195258e+000
 1.35012919896641e+001    1.62278010227801e+000
 1.36003445305771e+001    1.62649930264993e+000
 1.36993970714901e+001    1.63021850302185e+000
 1.37984496124031e+001    1.63533240353324e+000
 1.39018087855297e+001    1.63905160390516e+000
 1.40008613264427e+001    1.63998140399814e+000
 1.40999138673557e+001    1.64370060437006e+000
 1.41989664082687e+001    1.64463040446304e+000
 1.42980189491817e+001    1.64649000464900e+000
 1.44013781223084e+001    1.64788470478847e+000
 1.45004306632214e+001    1.64741980474198e+000
 1.45994832041344e+001    1.64602510460251e+000
 1.46985357450474e+001    1.64416550441655e+000
 1.48018949181740e+001    1.64091120409112e+000
 1.49009474590870e+001    1.63579730357973e+000
 1.50000000000000e+001    1.62789400278940e+000
 1.50990525409130e+001    1.61673640167364e+000
 1.51981050818260e+001    1.60790330079033e+000
 1.53014642549526e+001    1.58884239888424e+000
 1.54005167958656e+001    1.57536029753603e+000
 1.54995693367786e+001    1.55072059507206e+000
 1.55986218776916e+001    1.53398419339842e+000
 1.57019810508183e+001    1.49446768944677e+000
 1.58010335917313e+001    1.47494188749419e+000
 1.59000861326443e+001    1.44053928405393e+000
 1.59991386735573e+001    1.41589958158996e+000
 1.60981912144703e+001    1.37405857740586e+000
 1.62015503875969e+001    1.34105067410507e+000
 1.63006029285099e+001    1.30385867038587e+000
 1.63996554694229e+001    1.27224546722455e+000
 1.64987080103359e+001    1.23598326359833e+000
 1.66020671834625e+001    1.21227336122734e+000
 1.65520671834625e+001    1.15788005578801e+000
 1.64987080103359e+001    1.14997675499768e+000
 1.60981912144703e+001    1.13417015341702e+000
 1.59991386735573e+001    1.13556485355649e+000
 1.59000861326443e+001    1.13556485355649e+000
 1.58010335917313e+001    1.13556485355649e+000
 1.54005167958656e+001    1.13974895397490e+000
 1.53014642549526e+001    1.13974895397490e+000
 1.48018949181740e+001    1.14393305439331e+000
 1.46985357450474e+001    1.14393305439331e+000
 1.45994832041344e+001    1.14811715481172e+000
 1.41989664082687e+001    1.15648535564854e+000
 1.40999138673557e+001    1.15834495583450e+000
 1.40008613264427e+001    1.16066945606695e+000
 1.35012919896641e+001    1.17415155741516e+000
 1.33979328165375e+001    1.18112505811251e+000
 1.30017226528854e+001    1.19739655973966e+000
 1.28983634797588e+001    1.19972105997211e+000
 1.27993109388458e+001    1.20437006043701e+000
 1.23987941429802e+001    1.21831706183171e+000
 1.23643410852713e+001    1.22343096234310e+000
 1.22093023255814e+001    1.22343096234310e+000
 1.18604651162791e+001    1.24016736401674e+000
 1.17441860465116e+001    1.24435146443515e+000
 1.15503875968992e+001    1.24853556485356e+000
 1.12403100775194e+001    1.26527196652720e+000
 1.10852713178295e+001    1.26945606694561e+000
 1.10077519379845e+001    1.27364016736402e+000
 1.05813953488372e+001    1.27782426778243e+000
 1.04263565891473e+001    1.27782426778243e+000
 9.90094745908699e+000    1.27038586703859e+000
 9.80189491817399e+000    1.26713156671316e+000
 9.69853574504737e+000    1.26527196652720e+000
 9.19896640826873e+000    1.24016736401674e+000
 8.79844961240310e+000    1.21692236169224e+000
 8.69939707149010e+000    1.20715946071595e+000
 8.60034453057709e+000    1.20251046025105e+000
 8.29888027562446e+000    1.17926545792655e+000
 8.19982773471146e+000    1.17089725708973e+000
 8.10077519379845e+000    1.16485355648536e+000
 7.79931093884582e+000    1.13231055323106e+000
 7.70025839793282e+000    1.12533705253371e+000
 7.29974160206718e+000    1.08675034867503e+000
 7.20068906115418e+000    1.08117154811715e+000
 6.80017226528854e+000    1.04351464435146e+000
 6.70111972437554e+000    1.03514644351464e+000
 5.90008613264427e+000    9.55648535564854e-001
 5.40051679586563e+000    9.09623430962343e-001
 5.30146425495263e+000    9.01255230125523e-001
 5.00000000000000e+000    8.71966527196653e-001
 4.90094745908699e+000    8.56624825662483e-001
 4.50043066322136e+000    8.17573221757322e-001
 4.40137812230835e+000    8.10134821013482e-001
 4.29801894918174e+000    7.96652719665272e-001
 4.19896640826873e+000    7.84100418410042e-001
 4.09991386735573e+000    7.75732217573222e-001
 4.00086132644272e+000    7.65039516503952e-001
 3.90180878552972e+000    7.54811715481172e-001
 3.79844961240310e+000    7.42724314272431e-001
 3.69939707149010e+000    7.32031613203161e-001
 3.60034453057709e+000    7.24593212459321e-001
 3.44961240310078e+000    7.04602510460251e-001
 3.29888027562446e+000    6.88795908879591e-001
 3.19982773471146e+000    6.80892608089261e-001
 3.10077519379845e+000    6.67410506741051e-001
 3.00172265288544e+000    6.56252905625291e-001
 2.89836347975883e+000    6.50209205020921e-001
 2.70025839793282e+000    6.25569502556950e-001
 2.60120585701981e+000    6.19060901906090e-001
 2.60120585701981e+000    6.33937703393770e-001
 2.70025839793282e+000    6.46025104602510e-001
 2.79069767441860e+000    6.54393305439331e-001
 2.90697674418605e+000    6.66945606694561e-001
 2.98449612403101e+000    6.75313807531381e-001
 3.06201550387597e+000    6.83682008368201e-001
 3.17829457364341e+000    6.96234309623431e-001
 3.33333333333333e+000    7.08786610878661e-001
 3.39793281653747e+000    7.11576011157601e-001
 3.44961240310078e+000    7.21338912133891e-001
 3.52713178294574e+000    7.29707112970711e-001
 3.64341085271318e+000    7.42259414225941e-001
 3.75968992248062e+000    7.54811715481172e-001
 3.87596899224806e+000    7.67364016736402e-001
 3.99224806201550e+000    7.79916317991632e-001
 4.10852713178295e+000    7.88284518828452e-001
 4.22480620155039e+000    8.00836820083682e-001
 4.30232558139535e+000    8.09205020920502e-001
 4.41860465116279e+000    8.25941422594142e-001
 4.61240310077519e+000    8.42677824267782e-001
 4.84496124031008e+000    8.67782426778243e-001
 5.07751937984496e+000    8.92887029288703e-001
 5.58139534883721e+000    9.34728033472803e-001
 5.81395348837209e+000    9.59832635983264e-001
 6.00775193798450e+000    9.76569037656904e-001
 6.27906976744186e+000    1.00585774058577e+000
 6.55038759689922e+000    1.03514644351464e+000
 6.70542635658915e+000    1.05606694560669e+000
 7.05426356589147e+000    1.08535564853556e+000
 7.32558139534884e+000    1.10627615062762e+000
 7.55813953488372e+000    1.13556485355649e+000
 7.79069767441860e+000    1.16066945606695e+000
 8.02325581395349e+000    1.18158995815900e+000
 8.29457364341085e+000    1.20251046025105e+000
 8.52713178294574e+000    1.22761506276151e+000
 8.95348837209302e+000    1.26945606694561e+000
 9.30232558139535e+000    1.30711297071130e+000
