-9.39797211660330e+000   -5.48895899053628e-001
-9.30080270384453e+000   -5.44339291973361e-001
-9.19940853400929e+000   -5.41885734314756e-001
-9.09801436417406e+000   -5.40834209603926e-001
-9.00084495141529e+000   -5.35927094286716e-001
-8.89945078158006e+000   -5.34174553101998e-001
-8.79805661174482e+000   -5.31370487206449e-001
-8.70088719898606e+000   -5.28566421310901e-001
-8.59949302915082e+000   -5.26112863652296e-001
-8.49809885931559e+000   -5.21906764808973e-001
-8.40092944655682e+000   -5.17700665965650e-001
-8.29953527672159e+000   -5.15597616543989e-001
-8.19814110688635e+000   -5.12443042411497e-001
-8.10097169412759e+000   -5.09638976515948e-001
-7.99957752429235e+000   -5.06484402383456e-001
-7.89818335445712e+000   -5.00525762355415e-001
-7.80101394169835e+000   -4.96670171749036e-001
-7.69961977186312e+000   -4.92814581142657e-001
-7.59822560202788e+000   -4.88608482299334e-001
-7.50105618926912e+000   -4.84402383456011e-001
-7.39966201943388e+000   -4.81247809323519e-001
-7.29826784959865e+000   -4.78093235191027e-001
-7.20109843683988e+000   -4.74938661058535e-001
-7.09970426700465e+000   -4.70732562215212e-001
-6.99831009716941e+000   -4.67227479845776e-001
-6.90114068441065e+000   -4.62320364528566e-001
-6.79974651457541e+000   -4.59165790396074e-001
-6.69835234474018e+000   -4.56011216263582e-001
-6.60118293198141e+000   -4.49351559761654e-001
-6.49978876214618e+000   -4.43743427970557e-001
-6.39839459231094e+000   -4.37434279705573e-001
-6.30122517955218e+000   -4.33228180862250e-001
-6.19983100971694e+000   -4.26218016123379e-001
-6.09843683988171e+000   -4.15001752541185e-001
-5.89987325728771e+000   -4.05538030143708e-001
-5.79847908745247e+000   -3.98177357167893e-001
-5.40135192226447e+000   -3.65229582895198e-001
-5.29995775242923e+000   -3.53312302839117e-001
-5.19856358259400e+000   -3.45601121626358e-001
-5.10139416983523e+000   -3.40694006309148e-001
-5.00000000000000e+000   -3.31931300385559e-001
-4.89860583016477e+000   -3.19663512092534e-001
-4.80143641740600e+000   -3.11601822642832e-001
-4.70004224757076e+000   -2.96179460217315e-001
-4.59864807773553e+000   -2.88468279004557e-001
-4.50147866497676e+000   -2.79004556607080e-001
-4.40008449514153e+000   -2.63932702418507e-001
-4.29869032530630e+000   -2.53767963547143e-001
-4.20152091254753e+000   -2.44654749386611e-001
-3.99873257287706e+000   -2.21871713985279e-001
-3.90156316011829e+000   -2.08902909218367e-001
-3.80016899028306e+000   -1.94181563266737e-001
-3.69877482044782e+000   -1.86470382053978e-001
-3.60160540768906e+000   -1.75604626708728e-001
-3.50021123785382e+000   -1.66491412548195e-001
-3.46021123785382e+000   -1.57728706624606e-001
-3.39881706801859e+000   -1.52120574833509e-001
-3.28897338403042e+000   -1.38801261829653e-001
-3.17490494296578e+000   -1.23028391167192e-001
-3.06083650190114e+000   -1.13564668769716e-001
-2.94676806083650e+000   -1.00946372239748e-001
-2.83269961977186e+000   -8.51735015772871e-002
-2.60456273764259e+000   -6.30914826498423e-002
-2.45247148288973e+000   -3.78548895899053e-002
-2.52851711026616e+000   -2.83911671924291e-002
-2.79467680608365e+000   -5.67823343848580e-002
-2.94676806083650e+000   -7.88643533123028e-002
-3.21292775665399e+000   -1.04100946372240e-001
-3.32699619771863e+000   -1.16719242902208e-001
-3.47908745247148e+000   -1.38801261829653e-001
-3.63117870722433e+000   -1.54574132492114e-001
-3.85931558935361e+000   -1.76656151419558e-001
-3.97338403041825e+000   -1.95583596214511e-001
-4.12547528517110e+000   -2.05047318611987e-001
-4.42965779467681e+000   -2.42902208201893e-001
-4.69581749049430e+000   -2.71293375394322e-001
-4.84790874524715e+000   -2.93375394321767e-001
-5.07604562737643e+000   -3.15457413249211e-001
-5.10139416983523e+000   -3.23519102698913e-001
-5.49852133502324e+000   -3.66982124079916e-001
-5.83650190114069e+000   -4.06940063091483e-001
-5.98859315589354e+000   -4.22712933753943e-001
-6.19983100971694e+000   -4.49001051524711e-001
-6.30122517955218e+000   -4.57062740974413e-001
-6.49978876214618e+000   -4.86855941114616e-001
-6.60118293198141e+000   -4.96319663512093e-001
-6.69835234474018e+000   -5.08937960042061e-001
-6.79974651457541e+000   -5.15247108307045e-001
-6.90114068441065e+000   -5.26813880126183e-001
-6.99831009716941e+000   -5.36978618997547e-001
-7.09970426700465e+000   -5.42586750788643e-001
-7.29826784959865e+000   -5.71328426218016e-001
-7.39966201943388e+000   -5.84647739221872e-001
-7.59822560202788e+000   -6.11987381703470e-001
-7.69961977186312e+000   -6.22502628811777e-001
-7.99957752429235e+000   -6.62110059586400e-001
-8.10097169412759e+000   -6.71924290220820e-001
-8.29953527672159e+000   -7.02067998597967e-001
-8.40092944655682e+000   -7.12232737469330e-001
-8.59949302915082e+000   -7.45180511742026e-001
-8.70088719898606e+000   -7.52891692954784e-001
-8.89945078158006e+000   -7.88293024886085e-001
-9.00084495141529e+000   -7.93200140203295e-001
-9.09801436417406e+000   -8.03715387311602e-001
-9.30080270384453e+000   -8.31405538030144e-001
-9.39797211660330e+000   -8.41570276901507e-001
-9.49936628643853e+000   -8.45425867507886e-001
-9.69792986903253e+000   -8.71012968804767e-001
-9.79932403886776e+000   -8.76621100595864e-001
-9.90071820870300e+000   -8.83280757097792e-001
-1.02006759611322e+001   -8.99754644234140e-001
-1.03020701309675e+001   -9.00105152471083e-001
-1.03992395437262e+001   -9.03259726603575e-001
-1.08005914659907e+001   -9.07465825446898e-001
-1.09019856358259e+001   -9.06764808973011e-001
-1.09991550485847e+001   -9.07115317209954e-001
-1.11005492184199e+001   -9.06764808973011e-001
-1.15019011406844e+001   -9.05012267788293e-001
-1.15990705534432e+001   -9.03610234840519e-001
-1.17004647232784e+001   -9.03259726603575e-001
-1.21018166455429e+001   -8.98703119523309e-001
-1.21989860583016e+001   -8.97301086575535e-001
-1.23003802281369e+001   -8.96950578338591e-001
-1.27017321504014e+001   -8.94497020679986e-001
-1.27989015631601e+001   -8.94146512443042e-001
-1.29002957329954e+001   -8.90641430073607e-001
-1.33016476552598e+001   -8.83981773571679e-001
-1.33988170680186e+001   -8.83280757097792e-001
-1.35002112378538e+001   -8.81878724150018e-001
-1.39015631601183e+001   -8.74518051174203e-001
-1.39987325728771e+001   -8.68909919383105e-001
-1.41001267427123e+001   -8.68909919383105e-001
-1.45014786649768e+001   -8.58044164037855e-001
-1.45986480777355e+001   -8.56642131090081e-001
-1.47000422475708e+001   -8.55941114616193e-001
-1.51013941698352e+001   -8.41219768664564e-001
-1.51985635825940e+001   -8.37364178058184e-001
-1.52999577524292e+001   -8.33508587451805e-001
-1.55999155048585e+001   -8.17034700315457e-001
-1.57013096746937e+001   -8.13179109709078e-001
-1.57984790874525e+001   -8.05818436733263e-001
-1.59885931558935e+001   -7.94952681388013e-001
-1.61026615969582e+001   -7.79179810725552e-001
-1.61998310097169e+001   -7.65159481247809e-001
-1.62555310097169e+001   -7.53943217665615e-001
-1.61998310097169e+001   -7.42025937609534e-001
-1.60984368398817e+001   -7.31510690501227e-001
-1.60012674271229e+001   -7.16438836312653e-001
-1.58998732572877e+001   -7.11181212758500e-001
-1.57984790874525e+001   -7.00315457413249e-001
-1.56463878326996e+001   -6.94006309148265e-001
-1.54985213350232e+001   -6.92604276200491e-001
-1.54013519222645e+001   -6.88748685594111e-001
-1.52999577524292e+001   -6.84542586750789e-001
-1.51985635825940e+001   -6.81388012618297e-001
-1.51013941698352e+001   -6.80686996144409e-001
-1.50000000000000e+001   -6.77532422011917e-001
-1.48986058301648e+001   -6.73676831405538e-001
-1.48014364174060e+001   -6.70522257273046e-001
-1.47000422475708e+001   -6.67017174903610e-001
-1.45986480777355e+001   -6.67367683140554e-001
-1.45014786649768e+001   -6.64213109008062e-001
-1.44000844951415e+001   -6.61058534875570e-001
-1.42986903253063e+001   -6.57903960743077e-001
-1.42015209125475e+001   -6.56151419558360e-001
-1.41001267427123e+001   -6.51945320715037e-001
-1.39987325728771e+001   -6.50543287767263e-001
-1.39015631601183e+001   -6.51594812478093e-001
-1.38001689902831e+001   -6.48440238345601e-001
-1.36987748204478e+001   -6.46337188923940e-001
-1.36016054076891e+001   -6.45285664213109e-001
-1.35002112378538e+001   -6.43182614791448e-001
-1.33988170680186e+001   -6.41079565369786e-001
-1.33016476552598e+001   -6.38626007711181e-001
-1.32002534854246e+001   -6.37924991237294e-001
-1.30988593155894e+001   -6.35821941815633e-001
-1.30016899028306e+001   -6.33017875920084e-001
-1.29002957329954e+001   -6.31615842972310e-001
-1.27989015631601e+001   -6.29162285313705e-001
-1.27017321504014e+001   -6.26007711181213e-001
-1.26003379805661e+001   -6.25306694707326e-001
-1.24989438107309e+001   -6.21801612337890e-001
-1.24017743979721e+001   -6.19348054679285e-001
-1.23003802281369e+001   -6.18647038205398e-001
-1.21989860583016e+001   -6.13739922888188e-001
-1.21018166455429e+001   -6.13739922888188e-001
-1.20004224757076e+001   -6.10234840518752e-001
-1.18990283058724e+001   -6.07781282860147e-001
-1.18018588931136e+001   -6.07080266386260e-001
-1.17004647232784e+001   -6.02874167542937e-001
-1.15990705534432e+001   -6.01121626358219e-001
-1.15019011406844e+001   -5.97266035751840e-001
-1.14005069708492e+001   -5.96915527514897e-001
-1.12991128010139e+001   -5.95864002804066e-001
-1.12019433882552e+001   -5.90255871012969e-001
-1.11005492184199e+001   -5.88853838065195e-001
-1.09991550485847e+001   -5.87101296880477e-001
-1.09019856358259e+001   -5.84998247458815e-001
-1.08005914659907e+001   -5.82544689800210e-001
-1.06991972961555e+001   -5.81843673326323e-001
-1.06020278833967e+001   -5.78689099193831e-001
-1.05006337135615e+001   -5.75534525061339e-001
-1.03992395437262e+001   -5.72379950928847e-001
-1.03020701309675e+001   -5.70276901507185e-001
-1.02006759611322e+001   -5.69575885033298e-001
-1.00992817912970e+001   -5.66070802663863e-001
-9.99788762146177e+000   -5.62916228531370e-001
-9.90071820870300e+000   -5.61514195583596e-001
-9.79932403886776e+000   -5.56256572029443e-001
-9.69792986903253e+000   -5.56957588503330e-001
-9.60076045627376e+000   -5.53803014370838e-001
-9.49936628643853e+000   -5.50998948475289e-001
