-9.39736736344136e+000   -3.10489025435424e-001
-9.30021111450056e+000   -3.11008338054357e-001
-9.19873331299662e+000   -3.07709068723581e-001
-9.09718288035715e+000   -3.01544501096730e-001
-9.00003873660561e+000   -3.02541363431676e-001
-8.89851251434465e+000   -2.97331895236850e-001
-8.79697418689444e+000   -2.91644877326012e-001
-8.69985425352140e+000   -2.93596839092982e-001
-8.59824329493567e+000   -2.85044522886071e-001
-8.49674128305322e+000   -2.80790154123270e-001
-8.39947608740915e+000   -2.77011519298093e-001
-8.30225931252209e+000   -2.75143083336965e-001
-8.20072098507188e+000   -2.69456065426127e-001
-8.09919476281092e+000   -2.64246597231301e-001
-8.00199009311312e+000   -2.62855710986186e-001
-7.90050018641991e+000   -2.59078891939396e-001
-7.79902238491597e+000   -2.55779622608620e-001
-7.70180561002891e+000   -2.53911186647492e-001
-7.60024307220019e+000   -2.47269069304629e-001
-7.50306261288089e+000   -2.46833282491538e-001
-7.40157270618769e+000   -2.43056463444749e-001
-7.30005858911598e+000   -2.38324544965936e-001
-7.20289023498593e+000   -2.38366307868857e-001
-7.10137611791423e+000   -2.33634389390044e-001
-6.99989831641028e+000   -2.30335120059267e-001
-6.90272996228023e+000   -2.30376882962188e-001
-6.80122795039778e+000   -2.26122514199387e-001
-6.69981067484009e+000   -2.25210993448671e-001
-6.60254547919602e+000   -2.21432358623495e-001
-6.50111609844908e+000   -2.20043288156767e-001
-6.39965040213439e+000   -2.17221568542003e-001
-6.30242152205808e+000   -2.14875582864863e-001
-6.20099214131114e+000   -2.13486512398135e-001
-6.09959907613196e+000   -2.13530091079444e-001
-6.00232177529863e+000   -2.09273906538255e-001
-5.90091660493020e+000   -2.08839935503552e-001
-5.79947511899401e+000   -2.06973315320812e-001
-5.70225834410695e+000   -2.05104879359684e-001
-5.60079264779226e+000   -2.02283159744920e-001
-5.49936326704532e+000   -2.00894089278192e-001
-5.40207386102274e+000   -1.96160355020990e-001
-5.30069290103281e+000   -1.96681483418312e-001
-5.19919088915036e+000   -1.92427114655511e-001
-5.10192569350629e+000   -1.88648479830334e-001
-5.00047210238085e+000   -1.86304309931582e-001
-4.89899430087690e+000   -1.83005040600805e-001
-4.80174121042208e+000   -1.79703955491640e-001
-4.70022709335038e+000   -1.74972037012826e-001
-4.59873718665717e+000   -1.71195217966038e-001
-4.50144778063460e+000   -1.66461483708836e-001
-4.39994576875215e+000   -1.62207114946035e-001
-4.29838323092343e+000   -1.55564997603173e-001
-4.20110593009011e+000   -1.51308813061983e-001
-4.09959181301840e+000   -1.46576894583170e-001
-3.99808980113595e+000   -1.42322525820369e-001
-3.90076407954562e+000   -1.36156142415131e-001
-3.79920154171690e+000   -1.29514025072268e-001
-3.69768742464520e+000   -1.24782106593454e-001
-3.60034959786561e+000   -1.18138173472204e-001
-3.51995903603957e+000   -1.13397176101451e-001
-3.40567394430644e+000   -1.04850307229703e-001
-3.25336645313113e+000   -9.63197803634461e-002
-3.10105896195581e+000   -8.77892534971891e-002
-2.98677387022269e+000   -7.92423846254413e-002
-2.83446637904737e+000   -7.07118577591843e-002
-2.68204994116878e+000   -5.78833834488168e-002
-2.56776484943566e+000   -4.93365145770688e-002
-2.45358870440580e+000   -4.50875931494312e-002
-2.52996034340001e+000   -5.79487514707804e-002
-2.68248572798187e+000   -7.50751732252581e-002
-2.79677081971500e+000   -8.36220420970060e-002
-2.87303351200593e+000   -9.21852529742448e-002
-2.98742755044232e+000   -1.05030069290103e-001
-3.13984398832091e+000   -1.17858543600471e-001
-3.29236937290278e+000   -1.34984965354948e-001
-3.40687235804245e+000   -1.52127729114917e-001
-3.55950668932758e+000   -1.73552098313505e-001
-3.71203207390944e+000   -1.90678520067983e-001
-3.82631716564257e+000   -1.99225388939731e-001
-3.97884255022443e+000   -2.16351810694208e-001
-4.00007505217337e+000   -2.20640679246379e-001
-4.16960822765503e+000   -2.42057785331416e-001
-4.36004706497581e+000   -2.54869917636292e-001
-4.51268139626095e+000   -2.76294286834880e-001
-4.66509783413954e+000   -2.89122761145248e-001
-4.77949187257594e+000   -3.01967577461106e-001
-4.93190831045452e+000   -3.14796051771473e-001
-5.19882773347278e+000   -3.44767289841809e-001
-5.42739791693903e+000   -3.61861027585305e-001
-5.73255763280603e+000   -4.00411818538371e-001
-5.99936810912102e+000   -4.26085109164597e-001
-6.34244127772694e+000   -4.60321610668061e-001
-6.68562339303613e+000   -4.98856059615636e-001
-6.99056521549658e+000   -5.28810955680481e-001
-7.29550703795703e+000   -5.58765851745326e-001
-7.52429511482983e+000   -5.84455484377043e-001
-7.71506079226043e+000   -6.10161459014250e-001
-7.98176232187214e+000   -6.31536802196366e-001
-8.17231010589619e+000   -6.48646881945352e-001
-8.40109818276899e+000   -6.74336514577069e-001
-8.59175491349632e+000   -6.95744541770166e-001
-8.82054299036911e+000   -7.21434174401883e-001
-8.97295942824770e+000   -7.34262648712250e-001
-9.27790125070815e+000   -7.64217544777095e-001
-9.50241619577480e+000   -7.87998794323150e-001
-9.73547740445374e+000   -8.15596810040528e-001
-9.99801474896259e+000   -8.39361717581093e-001
-1.04004154500951e+001   -8.80736043927311e-001
-1.04977774872532e+001   -8.88335076480586e-001
-1.07986761765033e+001   -9.25455034064003e-001
-1.09003234506568e+001   -9.35439999418951e-001
-1.12011858243392e+001   -9.71127307854331e-001
-1.12986689133898e+001   -9.83501837567728e-001
-1.15995918130184e+001   -1.02157689458317e+000
-1.16969175346087e+001   -1.02774327798841e+000
-1.17985890191407e+001   -1.03868334277538e+000
-1.20995482343371e+001   -1.07819104893886e+000
-1.22012802448153e+001   -1.09151886230589e+000
-1.24007495533185e+001   -1.12724974942258e+000
-1.25024089326613e+001   -1.13771226449354e+000
-1.25998436009549e+001   -1.14817659534289e+000
-1.27993613302150e+001   -1.18581768132363e+000
-1.29010933406933e+001   -1.19914549469066e+000
-1.32022825544855e+001   -1.24772664545838e+000
-1.32997051175898e+001   -1.25771342659171e+000
-1.35035565046024e+001   -1.29965064423817e+000
-1.36008217002465e+001   -1.30342927906335e+000
-1.37025052899677e+001   -1.31484689356633e+000
-1.39990945318439e+001   -1.34862581891605e+000
-1.41005723333479e+001   -1.35192508824683e+000
-1.41978617393704e+001   -1.35665882250403e+000
-1.45991366579025e+001   -1.35362102526111e+000
-1.47004570919462e+001   -1.35071214828373e+000
-1.47974317630482e+001   -1.34302958992461e+000
-1.51008725420413e+001   -1.31376832120393e+000
-1.52020961345710e+001   -1.30703904649845e+000
-1.53032228855866e+001   -1.29648937406487e+000
-1.56020031667175e+001   -1.25003813134615e+000
-1.59003718714138e+001   -1.18735019828300e+000
-1.61016206427371e+001   -1.12661422698682e+000
-1.62014884540705e+001   -1.06639938408797e+000
-1.62981968110089e+001   -1.04821073197658e+000
-1.62997099596655e+001   -9.41237779811450e-001
-1.62009800361219e+001   -8.79675629348789e-001
-1.60985338194777e+001   -8.38172382737032e-001
-1.60006149436140e+001   -8.08606063247193e-001
-1.59026234366148e+001   -7.76174445461280e-001
-1.58008309001903e+001   -7.60458883514185e-001
-1.56988083651700e+001   -7.35669876962856e-001
-1.56010468567666e+001   -7.12311703781177e-001
-1.54993269514776e+001   -6.99461440130155e-001
-1.54016138638311e+001   -6.78013465812525e-001
-1.52998334325959e+001   -6.62775453581441e-001
-1.50029778765561e+001   -6.18490434479453e-001
-1.49013063920241e+001   -6.07550369692480e-001
-1.47996833282492e+001   -5.98520503769556e-001
-1.47022607651448e+001   -5.88533722636220e-001
-1.46006861221268e+001   -5.81414055577345e-001
-1.44990267427841e+001   -5.70951540506384e-001
-1.44015920744905e+001   -5.60487209657036e-001
-1.42999448003370e+001   -5.50502244302088e-001
-1.42026069735574e+001   -5.43858311180837e-001
-1.41009475942147e+001   -5.33395796109876e-001
-1.39992640044934e+001   -5.21978181606891e-001
-1.39019261777139e+001   -5.15334248485641e-001
-1.38004120606422e+001   -5.10602330006827e-001
-1.36988374176242e+001   -5.03482662947953e-001
-1.36015116960339e+001   -4.97316279542714e-001
-1.34998765270696e+001   -4.87808863903778e-001
-1.33983624099979e+001   -4.83076945424965e-001
-1.32969209240617e+001   -4.81210325242225e-001
-1.31994983609574e+001   -4.71223544108889e-001
-1.30979237179394e+001   -4.64103877050014e-001
-1.29964096008677e+001   -4.59371958571200e-001
-1.28991444052236e+001   -4.55593323746023e-001
-1.28018065784440e+001   -4.48949390624773e-001
-1.27002198302368e+001   -4.41352173849886e-001
-1.25014768330888e+001   -4.34274269693932e-001
-1.23998658745031e+001   -4.25721953487021e-001
-1.22984122833776e+001   -4.23377783588269e-001
-1.21207565259075e+001   -4.14858151392339e-001
-1.19684490347322e+001   -4.06327624526082e-001
-1.17782280908180e+001   -4.02111387109426e-001
-1.16259205996427e+001   -3.93580860243169e-001
-1.14737220551706e+001   -3.89348280821022e-001
-1.13001820620464e+001   -3.76528885402594e-001
-1.10001186308547e+001   -3.72359858224023e-001
-1.08985076722689e+001   -3.63807542017112e-001
-1.08013272129496e+001   -3.63371755204021e-001
-1.06997646751209e+001   -3.56729637861158e-001
-1.05982868736170e+001   -3.53430368530382e-001
-1.05010579935407e+001   -3.51084382853242e-001
-1.03995559816582e+001   -3.46830014090440e-001
-1.02980660749650e+001   -3.43053195043651e-001
-1.02008250896995e+001   -3.40229659650499e-001
-1.00993351830063e+001   -3.36452840603710e-001
-9.99779685555604e+000   -3.30765822692872e-001
-9.90055587029048e+000   -3.27942287299720e-001
-9.79915069992204e+000   -3.27508316265017e-001
-9.69763658285034e+000   -3.22776397786203e-001
-9.60039559758477e+000   -3.19952862393051e-001
-9.49895411164858e+000   -3.18086242210311e-001
