-9.49978714346531e+000   -5.41904761904762e-001
-9.40187313750532e+000   -5.39047619047619e-001
-9.29970200085143e+000   -5.38571428571429e-001
-9.20178799489144e+000   -5.34761904761905e-001
-9.09961685823755e+000   -5.31428571428571e-001
-9.00170285227756e+000   -5.29047619047619e-001
-8.89953171562367e+000   -5.25238095238095e-001
-8.80161770966369e+000   -5.23809523809524e-001
-8.69944657300979e+000   -5.20952380952381e-001
-8.60153256704981e+000   -5.17142857142857e-001
-8.49936143039591e+000   -5.12380952380952e-001
-8.40144742443593e+000   -5.10000000000000e-001
-8.29927628778204e+000   -5.06190476190476e-001
-8.20136228182205e+000   -5.03809523809524e-001
-8.09919114516816e+000   -4.99047619047619e-001
-8.00127713920817e+000   -4.95238095238095e-001
-7.89910600255428e+000   -4.92380952380952e-001
-7.80119199659430e+000   -4.89523809523809e-001
-7.69902085994040e+000   -4.86190476190476e-001
-7.60110685398042e+000   -4.82857142857143e-001
-7.49893571732652e+000   -4.81904761904762e-001
-7.40102171136654e+000   -4.80476190476191e-001
-7.29885057471264e+000   -4.77619047619048e-001
-7.20093656875266e+000   -4.76190476190476e-001
-7.09876543209877e+000   -4.73809523809524e-001
-7.00085142613878e+000   -4.70476190476190e-001
-6.89868028948489e+000   -4.68571428571429e-001
-6.80076628352490e+000   -4.65714285714286e-001
-6.69859514687101e+000   -4.58571428571429e-001
-6.60068114091102e+000   -4.53333333333333e-001
-6.49851000425713e+000   -4.47619047619048e-001
-6.40059599829715e+000   -4.42380952380952e-001
-6.29842486164325e+000   -4.32857142857143e-001
-6.22605363984674e+000   -4.24285714285714e-001
-6.09833971902937e+000   -4.17142857142857e-001
-6.00042571306939e+000   -4.10000000000000e-001
-5.91954022988506e+000   -3.98571428571429e-001
-5.76628352490421e+000   -3.85714285714286e-001
-5.69816943380162e+000   -3.68571428571429e-001
-5.61302681992337e+000   -3.64285714285714e-001
-5.49808429118774e+000   -3.42857142857143e-001
-5.34482758620690e+000   -3.34285714285714e-001
-5.20008514261388e+000   -3.14761904761905e-001
-5.07662835249042e+000   -3.08571428571429e-001
-4.96168582375479e+000   -2.91428571428571e-001
-4.79991485738612e+000   -2.74285714285714e-001
-4.70200085142614e+000   -2.67142857142857e-001
-4.61685823754789e+000   -2.57142857142857e-001
-4.50191570881226e+000   -2.44285714285714e-001
-4.38697318007663e+000   -2.27142857142857e-001
-4.23371647509579e+000   -2.14285714285714e-001
-4.11877394636015e+000   -2.05714285714286e-001
-4.04214559386973e+000   -1.92857142857143e-001
-3.90166028097063e+000   -1.71428571428571e-001
-3.79948914431673e+000   -1.67142857142857e-001
-3.73563218390805e+000   -1.58571428571429e-001
-3.69731800766283e+000   -1.50000000000000e-001
-3.59940400170285e+000   -1.37142857142857e-001
-3.50148999574287e+000   -1.28571428571429e-001
-3.39931885908897e+000   -1.19523809523810e-001
-3.35249042145594e+000   -1.11428571428571e-001
-3.23754789272031e+000   -9.85714285714285e-002
-3.16091954022989e+000   -8.57142857142859e-002
-3.10131971051511e+000   -8.14285714285714e-002
-2.99914857386122e+000   -7.28571428571430e-002
-2.85440613026820e+000   -6.00000000000001e-002
-2.70114942528736e+000   -4.28571428571429e-002
-2.59897828863346e+000   -3.85714285714285e-002
-2.70114942528736e+000   -5.38095238095238e-002
-2.77777777777778e+000   -6.42857142857143e-002
-2.93103448275862e+000   -7.71428571428570e-002
-3.04597701149425e+000   -9.00000000000001e-002
-3.08429118773946e+000   -9.85714285714285e-002
-3.16091954022989e+000   -1.07142857142857e-001
-3.23754789272031e+000   -1.20000000000000e-001
-3.31417624521073e+000   -1.24285714285714e-001
-3.42911877394636e+000   -1.37142857142857e-001
-3.46743295019157e+000   -1.45714285714286e-001
-3.54406130268199e+000   -1.54285714285714e-001
-3.62068965517241e+000   -1.62857142857143e-001
-3.70157513835675e+000   -1.71428571428571e-001
-3.73563218390805e+000   -1.71428571428571e-001
-3.85057471264368e+000   -1.84285714285714e-001
-3.96551724137931e+000   -1.97142857142857e-001
-4.04214559386973e+000   -2.10000000000000e-001
-4.10174542358450e+000   -2.19523809523809e-001
-4.19965942954449e+000   -2.26190476190476e-001
-4.30183056619838e+000   -2.40000000000000e-001
-4.38697318007663e+000   -2.48571428571429e-001
-4.50191570881226e+000   -2.58095238095238e-001
-4.59982971477224e+000   -2.70476190476191e-001
-4.73180076628353e+000   -2.82857142857143e-001
-4.80842911877395e+000   -2.95714285714286e-001
-4.92337164750958e+000   -3.04285714285714e-001
-4.96168582375479e+000   -3.08571428571429e-001
-5.00000000000000e+000   -3.10952380952381e-001
-5.09791400595998e+000   -3.18571428571429e-001
-5.20008514261388e+000   -3.30000000000000e-001
-5.26819923371647e+000   -3.34285714285714e-001
-5.30651340996169e+000   -3.42857142857143e-001
-5.38314176245211e+000   -3.51428571428571e-001
-5.45977011494253e+000   -3.51428571428571e-001
-5.49808429118774e+000   -3.60000000000000e-001
-5.60025542784163e+000   -3.70476190476190e-001
-5.65134099616858e+000   -3.85714285714286e-001
-5.84291187739464e+000   -3.98571428571429e-001
-5.99616858237548e+000   -4.15714285714286e-001
-6.14942528735632e+000   -4.24285714285714e-001
-6.22605363984674e+000   -4.37142857142857e-001
-6.26436781609195e+000   -4.45714285714286e-001
-6.37931034482759e+000   -4.58571428571429e-001
-6.49851000425713e+000   -4.66666666666667e-001
-6.57088122605364e+000   -4.75714285714286e-001
-6.64750957854406e+000   -4.88571428571429e-001
-6.72413793103448e+000   -4.97142857142857e-001
-6.80076628352490e+000   -5.05714285714286e-001
-6.89868028948489e+000   -5.18571428571429e-001
-7.00085142613878e+000   -5.25238095238095e-001
-7.06896551724138e+000   -5.31428571428571e-001
-7.22222222222222e+000   -5.48571428571429e-001
-7.40102171136654e+000   -5.70000000000000e-001
-7.49042145593870e+000   -5.78571428571429e-001
-7.60536398467433e+000   -5.91428571428571e-001
-7.72030651340996e+000   -6.04285714285714e-001
-7.83524904214559e+000   -6.17142857142857e-001
-7.98850574712644e+000   -6.34285714285714e-001
-8.10344827586207e+000   -6.42857142857143e-001
-8.18007662835249e+000   -6.55714285714286e-001
-8.29927628778204e+000   -6.68571428571429e-001
-8.37164750957854e+000   -6.81428571428571e-001
-8.52490421455939e+000   -6.94285714285714e-001
-8.60153256704981e+000   -7.07142857142857e-001
-8.69944657300979e+000   -7.17619047619048e-001
-8.80161770966369e+000   -7.28095238095238e-001
-9.09961685823755e+000   -7.71428571428571e-001
-9.20178799489144e+000   -7.84285714285714e-001
-9.29970200085143e+000   -7.92857142857143e-001
-9.49978714346531e+000   -8.29047619047619e-001
-9.60195828011920e+000   -8.45238095238095e-001
-9.89995742869306e+000   -8.96666666666667e-001
-9.99787143465304e+000   -9.06190476190476e-001
-1.01979565772669e+001   -9.47619047619048e-001
-1.03001277139208e+001   -9.56666666666667e-001
-1.07002979991486e+001   -9.88571428571429e-001
-1.07982120051086e+001   -9.88095238095238e-001
-1.09003831417625e+001   -9.86190476190476e-001
-1.13005534269902e+001   -9.68571428571429e-001
-1.13984674329502e+001   -9.57142857142857e-001
-1.17986377181779e+001   -9.30000000000000e-001
-1.19008088548318e+001   -9.20952380952381e-001
-1.19987228607918e+001   -9.14761904761905e-001
-1.23988931460196e+001   -8.92857142857143e-001
-1.25010642826735e+001   -8.86190476190476e-001
-1.25989782886335e+001   -8.84285714285714e-001
-1.29991485738612e+001   -8.69523809523810e-001
-1.31013197105151e+001   -8.68095238095238e-001
-1.31992337164751e+001   -8.65714285714286e-001
-1.35994040017029e+001   -8.57142857142857e-001
-1.37015751383567e+001   -8.54761904761905e-001
-1.37994891443167e+001   -8.52857142857143e-001
-1.41996594295445e+001   -8.40000000000000e-001
-1.43018305661984e+001   -8.38571428571429e-001
-1.43997445721584e+001   -8.38095238095238e-001
-1.47999148573861e+001   -8.24761904761905e-001
-1.49020859940400e+001   -8.20952380952381e-001
-1.50000000000000e+001   -8.18095238095238e-001
-1.54001702852278e+001   -8.06666666666667e-001
-1.54980842911877e+001   -8.03809523809524e-001
-1.56002554278416e+001   -7.98571428571429e-001
-1.60983397190294e+001   -7.72857142857143e-001
-1.62005108556833e+001   -7.67142857142857e-001
-1.62984248616433e+001   -7.25238095238095e-001
-1.60004257130694e+001   -7.06190476190476e-001
-1.58982545764155e+001   -6.95238095238095e-001
-1.58003405704555e+001   -6.91904761904762e-001
-1.56981694338016e+001   -6.82857142857143e-001
-1.56002554278416e+001   -6.78571428571428e-001
-1.54980842911877e+001   -6.74761904761905e-001
-1.52000851426139e+001   -6.60000000000000e-001
-1.50979140059600e+001   -6.58571428571429e-001
-1.50000000000000e+001   -6.54285714285714e-001
-1.49020859940400e+001   -6.52380952380952e-001
-1.47999148573861e+001   -6.50000000000000e-001
-1.47020008514261e+001   -6.45714285714286e-001
-1.45998297147722e+001   -6.45238095238095e-001
-1.45019157088123e+001   -6.40952380952381e-001
-1.43997445721584e+001   -6.35238095238095e-001
-1.43018305661984e+001   -6.34761904761905e-001
-1.41996594295445e+001   -6.33809523809524e-001
-1.41017454235845e+001   -6.30000000000000e-001
-1.39016602809706e+001   -6.25714285714286e-001
-1.37994891443167e+001   -6.25714285714286e-001
-1.37015751383567e+001   -6.22857142857143e-001
-1.35994040017029e+001   -6.19523809523810e-001
-1.35014899957429e+001   -6.18571428571429e-001
-1.33993188590890e+001   -6.17142857142857e-001
-1.33014048531290e+001   -6.15238095238095e-001
-1.31992337164751e+001   -6.12380952380952e-001
-1.31013197105151e+001   -6.10476190476191e-001
-1.29991485738612e+001   -6.10000000000000e-001
-1.29012345679012e+001   -6.06666666666667e-001
-1.27990634312473e+001   -6.06666666666667e-001
-1.27011494252874e+001   -6.03809523809524e-001
-1.25989782886335e+001   -6.01904761904762e-001
-1.25010642826735e+001   -6.01428571428571e-001
-1.23988931460196e+001   -5.98095238095238e-001
-1.23009791400596e+001   -5.97619047619048e-001
-1.21988080034057e+001   -5.97619047619048e-001
-1.21008939974457e+001   -5.94285714285714e-001
-1.19987228607918e+001   -5.93809523809524e-001
-1.19008088548318e+001   -5.93333333333333e-001
-1.17986377181779e+001   -5.91428571428571e-001
-1.17007237122180e+001   -5.89523809523810e-001
-1.15985525755641e+001   -5.89047619047619e-001
-1.15006385696041e+001   -5.88571428571429e-001
-1.13984674329502e+001   -5.84761904761905e-001
-1.13005534269902e+001   -5.83809523809524e-001
-1.11983822903363e+001   -5.81904761904762e-001
-1.11004682843763e+001   -5.77142857142857e-001
-1.09982971477224e+001   -5.76666666666667e-001
-1.09003831417625e+001   -5.72380952380952e-001
-1.07982120051086e+001   -5.70952380952381e-001
-1.07002979991486e+001   -5.67619047619048e-001
-1.05981268624947e+001   -5.64761904761905e-001
-1.05002128565347e+001   -5.63809523809524e-001
-1.03980417198808e+001   -5.60952380952381e-001
-1.03001277139208e+001   -5.59047619047619e-001
-1.01979565772669e+001   -5.56666666666667e-001
-1.01000425713069e+001   -5.55238095238095e-001
-9.99787143465304e+000   -5.51904761904762e-001
-9.89995742869306e+000   -5.50000000000000e-001
-9.80204342273308e+000   -5.46666666666667e-001
-9.69987228607918e+000   -5.46190476190476e-001
-9.60195828011920e+000   -5.42857142857143e-001
