 9.59948320413437e+000    1.34058577405858e+000
 9.69853574504737e+000    1.34430497443050e+000
 9.80189491817399e+000    1.35685727568573e+000
 9.90094745908699e+000    1.36290097629010e+000
 1.00000000000000e+001    1.37126917712692e+000
 1.00990525409130e+001    1.38289167828917e+000
 1.01981050818260e+001    1.38893537889354e+000
 1.03014642549526e+001    1.39916317991632e+000
 1.04005167958656e+001    1.40567178056718e+000
 1.04995693367786e+001    1.41729428172943e+000
 1.05986218776916e+001    1.42240818224082e+000
 1.07019810508183e+001    1.43310088331009e+000
 1.08010335917313e+001    1.44239888423989e+000
 1.09000861326443e+001    1.44890748489075e+000
 1.09991386735573e+001    1.45820548582055e+000
 1.10981912144703e+001    1.46378428637843e+000
 1.12015503875969e+001    1.47401208740121e+000
 1.13006029285099e+001    1.48470478847048e+000
 1.13996554694229e+001    1.48981868898187e+000
 1.14987080103359e+001    1.49818688981869e+000
 1.16020671834625e+001    1.50516039051604e+000
 1.17011197243755e+001    1.51306369130637e+000
 1.18001722652885e+001    1.52143189214319e+000
 1.18992248062016e+001    1.53072989307299e+000
 1.19982773471146e+001    1.54095769409577e+000
 1.21016365202412e+001    1.54560669456067e+000
 1.22006890611542e+001    1.55629939562994e+000
 1.22997416020672e+001    1.56466759646676e+000
 1.23987941429802e+001    1.57350069735007e+000
 1.25021533161068e+001    1.58512319851232e+000
 1.26012058570198e+001    1.59209669920967e+000
 1.27002583979328e+001    1.60000000000000e+000
 1.27993109388458e+001    1.60464900046490e+000
 1.28983634797588e+001    1.61627150162715e+000
 1.30017226528854e+001    1.62185030218503e+000
 1.31007751937985e+001    1.63068340306834e+000
 1.31998277347115e+001    1.63858670385867e+000
 1.32988802756245e+001    1.64556020455602e+000
 1.33979328165375e+001    1.65020920502092e+000
 1.34579328165375e+001    1.65997210599721e+000
 1.35012919896641e+001    1.65857740585774e+000
 1.36003445305771e+001    1.66601580660158e+000
 1.36993970714901e+001    1.67019990701999e+000
 1.37984496124031e+001    1.67949790794979e+000
 1.39018087855297e+001    1.68926080892608e+000
 1.40008613264427e+001    1.69390980939098e+000
 1.40999138673557e+001    1.70041841004184e+000
 1.41989664082687e+001    1.70971641097164e+000
 1.42980189491817e+001    1.71715481171548e+000
 1.44013781223084e+001    1.72598791259879e+000
 1.45004306632214e+001    1.73110181311018e+000
 1.45994832041344e+001    1.73714551371455e+000
 1.46985357450474e+001    1.74644351464435e+000
 1.48018949181740e+001    1.75155741515574e+000
 1.49009474590870e+001    1.75713621571362e+000
 1.50000000000000e+001    1.76457461645746e+000
 1.50990525409130e+001    1.77108321710832e+000
 1.51981050818260e+001    1.77573221757322e+000
 1.53014642549526e+001    1.78363551836355e+000
 1.54005167958656e+001    1.78828451882845e+000
 1.54995693367786e+001    1.79339841933984e+000
 1.55986218776916e+001    1.79851231985123e+000
 1.57019810508183e+001    1.80641562064156e+000
 1.58010335917313e+001    1.81106462110646e+000
 1.59000861326443e+001    1.81478382147838e+000
 1.59991386735573e+001    1.82222222222222e+000
 1.60981912144703e+001    1.82733612273361e+000
 1.62015503875969e+001    1.83152022315202e+000
 1.63006029285099e+001    1.83663412366341e+000
 1.63996554694229e+001    1.83663412366341e+000
 1.64987080103359e+001    1.83709902370990e+000
 1.66020671834625e+001    1.83245002324500e+000
 1.66020671834625e+001    1.78410041841004e+000
 1.63996554694229e+001    1.71343561134356e+000
 1.62015503875969e+001    1.65532310553231e+000
 1.59991386735573e+001    1.59860529986053e+000
 1.59000861326443e+001    1.58000929800093e+000
 1.57019810508183e+001    1.52654579265458e+000
 1.55986218776916e+001    1.52143189214319e+000
 1.54005167958656e+001    1.46099488609949e+000
 1.53014642549526e+001    1.45355648535565e+000
 1.50990525409130e+001    1.41125058112506e+000
 1.50000000000000e+001    1.39590887959089e+000
 1.48018949181740e+001    1.35778707577871e+000
 1.46985357450474e+001    1.33919107391911e+000
 1.45004306632214e+001    1.30292887029289e+000
 1.44013781223084e+001    1.29316596931660e+000
 1.42980189491817e+001    1.28200836820084e+000
 1.40999138673557e+001    1.24621106462111e+000
 1.40008613264427e+001    1.23505346350535e+000
 1.39018087855297e+001    1.22900976290098e+000
 1.36993970714901e+001    1.19274755927476e+000
 1.36003445305771e+001    1.18066015806602e+000
 1.32988802756245e+001    1.14160855416086e+000
 1.31998277347115e+001    1.13138075313808e+000
 1.28983634797588e+001    1.09697814969782e+000
 1.27993109388458e+001    1.08675034867503e+000
 1.27002583979328e+001    1.07931194793119e+000
 1.23987941429802e+001    1.04630404463040e+000
 1.22997416020672e+001    1.03003254300325e+000
 1.19982773471146e+001    1.00399814039981e+000
 1.18992248062016e+001    9.92840539284054e-001
 1.16020671834625e+001    9.59832635983264e-001
 1.14987080103359e+001    9.57508135750814e-001
 1.13996554694229e+001    9.52394235239423e-001
 1.10981912144703e+001    9.21710832171083e-001
 1.09991386735573e+001    9.16596931659693e-001
 1.09000861326443e+001    9.06369130636913e-001
 1.05986218776916e+001    8.78475127847513e-001
 1.04995693367786e+001    8.75220827522083e-001
 1.04005167958656e+001    8.71966527196653e-001
 1.00990525409130e+001    8.45002324500232e-001
 1.00000000000000e+001    8.43142724314272e-001
 9.90094745908699e+000    8.36169223616922e-001
 9.50043066322136e+000    8.12924221292422e-001
 9.40137812230835e+000    8.07810320781032e-001
 9.29801894918174e+000    8.04091120409112e-001
 8.90180878552972e+000    7.89679218967922e-001
 8.79844961240310e+000    7.82705718270572e-001
 8.29888027562446e+000    7.62715016271502e-001
 8.19982773471146e+000    7.62250116225012e-001
 8.10077519379845e+000    7.58995815899582e-001
 7.79931093884582e+000    7.43654114365411e-001
 7.70025839793282e+000    7.42259414225941e-001
 7.60120585701981e+000    7.39934913993491e-001
 7.50215331610680e+000    7.38075313807531e-001
 7.10163652024117e+000    7.22733612273361e-001
 6.99827734711456e+000    7.19479311947931e-001
 6.60206718346253e+000    7.16225011622501e-001
 6.49870801033592e+000    7.14830311483031e-001
 6.39965546942291e+000    7.11111111111111e-001
 5.99913867355728e+000    7.04602510460251e-001
 5.90008613264427e+000    7.02742910274291e-001
 5.80103359173127e+000    6.99023709902371e-001
 5.30146425495263e+000    6.93444909344491e-001
 5.19810508182601e+000    6.89260808926081e-001
 5.09905254091301e+000    6.89725708972571e-001
 4.69853574504737e+000    6.82752208275221e-001
 4.59948320413437e+000    6.81357508135751e-001
 4.50043066322136e+000    6.81822408182241e-001
 4.09991386735573e+000    6.73454207345421e-001
 4.00086132644272e+000    6.72989307298931e-001
 3.90180878552972e+000    6.70199907019991e-001
 3.50129198966408e+000    6.59972105997211e-001
 3.39793281653747e+000    6.56252905625291e-001
 3.29888027562446e+000    6.54393305439331e-001
 3.00172265288544e+000    6.50209205020921e-001
 2.89836347975883e+000    6.42770804277080e-001
 2.79931093884582e+000    6.37192003719200e-001
 2.70025839793282e+000    6.37192003719200e-001
 2.50215331610680e+000    6.56252905625291e-001
 2.60120585701981e+000    6.65550906555091e-001
 2.70025839793282e+000    6.83217108321711e-001
 2.79931093884582e+000    6.91120409112041e-001
 2.89836347975883e+000    7.06462110646211e-001
 3.00172265288544e+000    7.16225011622501e-001
 3.10077519379845e+000    7.28312412831241e-001
 3.19982773471146e+000    7.41794514179451e-001
 3.29888027562446e+000    7.50162715016272e-001
 3.39793281653747e+000    7.62715016271502e-001
 3.50129198966408e+000    7.70618317061832e-001
 3.60034453057709e+000    7.80846118084612e-001
 3.69939707149010e+000    7.88749418874942e-001
 3.79844961240310e+000    8.04556020455602e-001
 3.90180878552972e+000    8.14318921431892e-001
 4.00086132644272e+000    8.22222222222222e-001
 4.09991386735573e+000    8.33844723384472e-001
 4.19896640826873e+000    8.43142724314272e-001
 4.29801894918174e+000    8.53835425383543e-001
 4.40137812230835e+000    8.64063226406323e-001
 4.50043066322136e+000    8.71501627150163e-001
 4.59948320413437e+000    8.83124128312413e-001
 4.69853574504737e+000    8.88702928870293e-001
 4.80189491817399e+000    9.01720130172013e-001
 4.90094745908699e+000    9.09158530915853e-001
 5.00000000000000e+000    9.20781032078103e-001
 5.09905254091301e+000    9.31473733147373e-001
 5.19810508182601e+000    9.38912133891213e-001
 5.30146425495263e+000    9.50534635053463e-001
 5.40051679586563e+000    9.56578335657834e-001
 5.49956933677864e+000    9.68200836820084e-001
 5.59862187769165e+000    9.77498837749884e-001
 5.70198105081826e+000    9.87726638772664e-001
 5.80103359173127e+000    9.97954439795444e-001
 5.90008613264427e+000    1.00539284053928e+000
 5.99913867355728e+000    1.01562064156206e+000
 6.09819121447028e+000    1.02119944211994e+000
 6.20155038759690e+000    1.03375174337517e+000
 6.30060292850991e+000    1.04351464435146e+000
 6.39965546942291e+000    1.05188284518828e+000
 6.49870801033592e+000    1.06211064621106e+000
 6.60206718346253e+000    1.06908414690841e+000
 6.70111972437554e+000    1.08070664807066e+000
 6.80017226528854e+000    1.08675034867503e+000
 6.89922480620155e+000    1.09883774988377e+000
 6.99827734711456e+000    1.10813575081358e+000
 7.10163652024117e+000    1.11650395165040e+000
 7.20068906115418e+000    1.12626685262669e+000
 7.29974160206718e+000    1.13463505346351e+000
 7.39879414298019e+000    1.14486285448629e+000
 7.50215331610680e+000    1.15416085541609e+000
 7.60120585701981e+000    1.16113435611344e+000
 7.70025839793282e+000    1.17043235704324e+000
 7.79931093884582e+000    1.17926545792655e+000
 7.89836347975883e+000    1.18856345885635e+000
 8.00172265288544e+000    1.19693165969317e+000
 8.10077519379845e+000    1.20483496048350e+000
 8.19982773471146e+000    1.21506276150628e+000
 8.29888027562446e+000    1.22110646211065e+000
 8.39793281653747e+000    1.23226406322641e+000
 8.50129198966408e+000    1.23784286378429e+000
 8.60034453057709e+000    1.24946536494654e+000
 8.69939707149010e+000    1.25504416550442e+000
 8.79844961240310e+000    1.26620176662018e+000
 8.90180878552972e+000    1.27503486750349e+000
 9.00086132644272e+000    1.28386796838680e+000
 9.09991386735573e+000    1.29363086936309e+000
 9.19896640826873e+000    1.30246397024640e+000
 9.29801894918174e+000    1.31269177126918e+000
 9.40137812230835e+000    1.32291957229196e+000
 9.50043066322136e+000    1.32896327289633e+000
