-9.40044004400440e+000   -4.26731023102310e-001
-9.20022002200220e+000   -4.22614411441144e-001
-9.00000000000000e+000   -4.12942244224422e-001
-8.79977997799780e+000   -4.06325632563256e-001
-8.59955995599560e+000   -4.00820132013201e-001
-8.39933993399340e+000   -3.95870187018702e-001
-8.19911991199120e+000   -3.95920242024202e-001
-7.99889988998900e+000   -3.93748074807481e-001
-7.80088008800880e+000   -3.92686468646865e-001
-7.60066006600660e+000   -3.91347634763476e-001
-7.40044004400440e+000   -3.85842134213422e-001
-7.20022002200220e+000   -3.81725522552255e-001
-7.00000000000000e+000   -3.75108910891089e-001
-6.79977997799780e+000   -3.65992299229923e-001
-6.59955995599560e+000   -3.56597909790979e-001
-6.39933993399340e+000   -3.46370187018702e-001
-6.19911991199120e+000   -3.34753575357536e-001
-5.99889988998900e+000   -3.24803630363036e-001
-5.80088008800880e+000   -3.14575357535754e-001
-5.60066006600660e+000   -3.01014301430143e-001
-5.40044004400440e+000   -2.87175467546755e-001
-5.20022002200220e+000   -2.71947744774478e-001
-5.00000000000000e+000   -2.58664466446645e-001
-4.79977997799780e+000   -2.43714521452145e-001
-4.59955995599560e+000   -2.25986798679868e-001
-4.39933993399340e+000   -2.11314631463146e-001
-4.19911991199120e+000   -1.97198019801980e-001
-3.99889988998900e+000   -1.78081408140814e-001
-3.80088008800880e+000   -1.61742024202420e-001
-3.60066006600660e+000   -1.42069856985699e-001
-3.40044004400440e+000   -1.23231023102310e-001
-3.20022002200220e+000   -1.01892189218922e-001
-3.00000000000000e+000   -8.22200220022002e-002
-2.79977997799780e+000   -6.42145214521452e-002
-2.59955995599560e+000   -4.59312431243124e-002
-4.59955995599560e+000   -2.45153465346535e-001
-5.00000000000000e+000   -2.87831133113311e-001
-5.20022002200220e+000   -3.00558855885589e-001
-5.40044004400440e+000   -3.34119911991199e-001
-5.60066006600660e+000   -3.52958745874588e-001
-5.99889988998900e+000   -3.96470297029703e-001
-6.39933993399340e+000   -4.46370187018702e-001
-6.59955995599560e+000   -4.60209020902090e-001
-7.00000000000000e+000   -5.07053355335534e-001
-7.40044004400440e+000   -5.46675467546755e-001
-7.60066006600660e+000   -5.59958745874587e-001
-7.80088008800880e+000   -5.94908690869087e-001
-7.99889988998900e+000   -6.09303630363036e-001
-8.39933993399340e+000   -6.49759075907591e-001
-8.79977997799780e+000   -6.91603410341034e-001
-9.00000000000000e+000   -7.08497799779978e-001
-9.40044004400440e+000   -7.49231023102310e-001
-9.80088008800880e+000   -7.92186468646865e-001
-1.01991199119912e+001   -8.51809130913091e-001
-1.03993399339934e+001   -8.71481298129813e-001
-1.07997799779978e+001   -9.24158965896590e-001
-1.12002200220022e+001   -9.76836633663366e-001
-1.16006600660066e+001   -1.04312541254125e+000
-1.19988998899890e+001   -1.11635918591859e+000
-1.21991199119912e+001   -1.16658690869087e+000
-1.25995599559956e+001   -1.23898679867987e+000
-1.30000000000000e+001   -1.27860891089109e+000
-1.32002200220022e+001   -1.27466996699670e+000
-1.36006600660066e+001   -1.24623652365237e+000
-1.38008800880088e+001   -1.22535313531353e+000
-1.41991199119912e+001   -1.16830913091309e+000
-1.45995599559956e+001   -1.10904235423542e+000
-1.50000000000000e+001   -1.04755335533553e+000
-1.54004400440044e+001   -9.83564356435644e-001
-1.58008800880088e+001   -9.19019801980198e-001
-1.59988998899890e+001   -8.75359185918592e-001
-1.63663366336634e+001   -8.10267326732673e-001
-1.63421342134213e+001   -7.70551155115512e-001
-1.62607260726073e+001   -7.53349284928493e-001
-1.61991199119912e+001   -7.44753575357536e-001
-1.61463146314631e+001   -7.39766776677668e-001
-1.59988998899890e+001   -7.21192519251925e-001
-1.58008800880088e+001   -7.02353135313531e-001
-1.56006600660066e+001   -6.86014301430143e-001
-1.54004400440044e+001   -6.69675467546755e-001
-1.52002200220022e+001   -6.56947744774477e-001
-1.50000000000000e+001   -6.43386688668867e-001
-1.47997799779978e+001   -6.31492299229923e-001
-1.43993399339934e+001   -6.11314631463146e-001
-1.41991199119912e+001   -6.02198019801980e-001
-1.39988998899890e+001   -5.90581408140814e-001
-1.38008800880088e+001   -5.82297579757976e-001
-1.36006600660066e+001   -5.77069856985699e-001
-1.34004400440044e+001   -5.67119911991199e-001
-1.32002200220022e+001   -5.59114411441144e-001
-1.30000000000000e+001   -5.50275577557756e-001
-1.27997799779978e+001   -5.43103410341034e-001
-1.25995599559956e+001   -5.34820132013201e-001
-1.23993399339934e+001   -5.29592409240924e-001
-1.22079207920792e+001   -5.23806930693069e-001
-1.19988998899890e+001   -5.15525852585259e-001
-1.18008800880088e+001   -5.10853135313531e-001
-1.16006600660066e+001   -5.01180968096810e-001
-1.14004400440044e+001   -4.97619911991199e-001
-1.12002200220022e+001   -4.91558855885589e-001
-1.10000000000000e+001   -4.84664466446645e-001
-1.07997799779978e+001   -4.78325632563256e-001
-1.05995599559956e+001   -4.71986798679868e-001
-1.03993399339934e+001   -4.64536853685368e-001
-1.01991199119912e+001   -4.58198019801980e-001
-9.99889988998900e+000   -4.51303630363036e-001
-9.80088008800880e+000   -4.38297579757976e-001
-9.60066006600660e+000   -4.39458745874588e-001
