 9.60130718954248e+000    1.45207631874299e+000
 9.70152505446623e+000    1.46150392817060e+000
 9.80174291938998e+000    1.46778900112233e+000
 9.90196078431373e+000    1.47586980920314e+000
 1.00021786492375e+001    1.48619528619529e+000
 1.00980392156863e+001    1.49068462401796e+000
 1.01982570806100e+001    1.50011223344557e+000
 1.02984749455338e+001    1.50684624017957e+000
 1.03986928104575e+001    1.51582491582492e+000
 1.04989106753813e+001    1.52300785634119e+000
 1.05991285403050e+001    1.53333333333333e+000
 1.06993464052288e+001    1.54096520763187e+000
 1.07995642701525e+001    1.54769921436588e+000
 1.08997821350763e+001    1.55084175084175e+000
 1.10000000000000e+001    1.55937149270483e+000
 1.11002178649237e+001    1.56924803591470e+000
 1.12004357298475e+001    1.57373737373737e+000
 1.13006535947712e+001    1.58002244668911e+000
 1.14008714596950e+001    1.58765432098765e+000
 1.15010893246187e+001    1.59573512906846e+000
 1.16013071895425e+001    1.59932659932660e+000
 1.17015250544662e+001    1.60471380471380e+000
 1.18017429193900e+001    1.61144781144781e+000
 1.19019607843137e+001    1.61907968574635e+000
 1.20021786492375e+001    1.62760942760943e+000
 1.20980392156863e+001    1.63209876543210e+000
 1.21982570806100e+001    1.64062850729517e+000
 1.22984749455338e+001    1.64377104377104e+000
 1.23986928104575e+001    1.65140291806958e+000
 1.24989106753813e+001    1.65589225589226e+000
 1.25991285403050e+001    1.66038159371493e+000
 1.26993464052288e+001    1.66262626262626e+000
 1.27995642701525e+001    1.67295173961841e+000
 1.28997821350763e+001    1.67789001122334e+000
 1.30000000000000e+001    1.68103254769921e+000
 1.31002178649237e+001    1.68866442199776e+000
 1.32004357298475e+001    1.69315375982043e+000
 1.33006535947712e+001    1.70123456790123e+000
 1.34008714596950e+001    1.70482603815937e+000
 1.35010893246187e+001    1.70886644219978e+000
 1.36013071895425e+001    1.71290684624018e+000
 1.37015250544662e+001    1.71874298540965e+000
 1.38017429193900e+001    1.72413019079686e+000
 1.39019607843137e+001    1.73086419753086e+000
 1.40021786492375e+001    1.73849607182941e+000
 1.40980392156863e+001    1.74163860830528e+000
 1.41982570806100e+001    1.74657687991021e+000
 1.42984749455338e+001    1.75151515151515e+000
 1.43986928104575e+001    1.75735129068462e+000
 1.44989106753813e+001    1.76049382716049e+000
 1.45991285403050e+001    1.76677890011223e+000
 1.46993464052288e+001    1.77081930415264e+000
 1.47995642701525e+001    1.77665544332211e+000
 1.48997821350763e+001    1.78069584736251e+000
 1.50000000000000e+001    1.78383838383838e+000
 1.51002178649237e+001    1.79147025813693e+000
 1.52004357298475e+001    1.79506172839506e+000
 1.53006535947712e+001    1.80000000000000e+000
 1.54008714596950e+001    1.80538720538721e+000
 1.55010893246187e+001    1.80897867564534e+000
 1.56013071895425e+001    1.81526374859708e+000
 1.57015250544662e+001    1.81930415263749e+000
 1.58017429193900e+001    1.82109988776655e+000
 1.59019607843137e+001    1.82603815937149e+000
 1.60021786492375e+001    1.83007856341190e+000
 1.60980392156863e+001    1.83097643097643e+000
 1.61982570806100e+001    1.83052749719416e+000
 1.62984749455338e+001    1.83232323232323e+000
 1.63986928104575e+001    1.83322109988777e+000
 1.64989106753813e+001    1.83142536475870e+000
 1.65991285403050e+001    1.82693602693603e+000
 1.66993464052288e+001    1.82199775533109e+000
 1.66593464052288e+001    1.79102132435466e+000
 1.65991285403050e+001    1.77800224466891e+000
 1.62984749455338e+001    1.73894500561167e+000
 1.61982570806100e+001    1.72727272727273e+000
 1.59019607843137e+001    1.69180695847363e+000
 1.58017429193900e+001    1.68058361391695e+000
 1.55010893246187e+001    1.64646464646465e+000
 1.54008714596950e+001    1.63569023569024e+000
 1.53006535947712e+001    1.63120089786756e+000
 1.50000000000000e+001    1.59483726150393e+000
 1.48997821350763e+001    1.58406285072952e+000
 1.44989106753813e+001    1.54455667789001e+000
 1.43986928104575e+001    1.53737373737374e+000
 1.40980392156863e+001    1.50056116722783e+000
 1.40021786492375e+001    1.49382716049383e+000
 1.37015250544662e+001    1.45836139169473e+000
 1.36013071895425e+001    1.44713804713805e+000
 1.35010893246187e+001    1.44040404040404e+000
 1.32004357298475e+001    1.40718294051627e+000
 1.31002178649237e+001    1.39820426487093e+000
 1.27995642701525e+001    1.36543209876543e+000
 1.26993464052288e+001    1.35241301907969e+000
 1.23986928104575e+001    1.31515151515152e+000
 1.22984749455338e+001    1.30572390572391e+000
 1.21982570806100e+001    1.30078563411897e+000
 1.19019607843137e+001    1.26576879910213e+000
 1.18017429193900e+001    1.25679012345679e+000
 1.15010893246187e+001    1.22626262626263e+000
 1.14008714596950e+001    1.21683501683502e+000
 1.13006535947712e+001    1.20740740740741e+000
 1.10000000000000e+001    1.16969696969697e+000
 1.08997821350763e+001    1.16430976430976e+000
 1.06993464052288e+001    1.13512906846240e+000
 1.05991285403050e+001    1.12884399551066e+000
 1.04989106753813e+001    1.12031425364759e+000
 1.03986928104575e+001    1.11627384960718e+000
 1.00980392156863e+001    1.08080808080808e+000
 1.00021786492375e+001    1.07182940516274e+000
 9.80174291938998e+000    1.04040404040404e+000
 9.70152505446623e+000    1.03411896745230e+000
 9.60130718954248e+000    1.02334455667789e+000
 9.30065359477124e+000    9.92817059483726e-001
 9.20043572984750e+000    9.81593714927048e-001
 9.10021786492375e+000    9.77553310886644e-001
 8.89978213507625e+000    9.47474747474748e-001
 8.79956427015251e+000    9.45230078563412e-001
 8.69934640522876e+000    9.36251402918070e-001
 8.39869281045752e+000    9.04377104377104e-001
 8.29847494553377e+000    8.98540965207632e-001
 8.19825708061002e+000    8.89562289562290e-001
 7.90196078431373e+000    8.62177328843996e-001
 7.80174291938998e+000    8.52749719416386e-001
 7.70152505446623e+000    8.50505050505050e-001
 7.40087145969499e+000    8.19079685746352e-001
 7.30065359477124e+000    8.14590347923681e-001
 6.89978213507625e+000    7.83164983164983e-001
 6.79956427015251e+000    7.79573512906846e-001
 6.69934640522876e+000    7.74186307519641e-001
 6.29847494553377e+000    7.51290684624018e-001
 6.19825708061002e+000    7.46352413019080e-001
 5.80174291938998e+000    7.23905723905724e-001
 5.70152505446623e+000    7.21661054994388e-001
 5.60130718954248e+000    7.15375982042649e-001
 5.20043572984749e+000    7.04601571268238e-001
 5.10021786492375e+000    7.01010101010101e-001
 5.00000000000000e+000    6.95622895622896e-001
 4.89978213507625e+000    6.88888888888889e-001
 4.59912854030501e+000    6.81257014590348e-001
 4.49891067538126e+000    6.78563411896745e-001
 4.39869281045752e+000    6.78563411896745e-001
 4.00217864923747e+000    6.68686868686869e-001
 3.90196078431373e+000    6.66442199775533e-001
 3.80174291938998e+000    6.64646464646465e-001
 3.40087145969499e+000    6.60606060606061e-001
 3.35065359477124e+000    6.60727272727273e-001
 3.30065359477124e+000    6.61952861952862e-001
 3.20043572984749e+000    6.61952861952862e-001
 3.10021786492375e+000    6.61952861952862e-001
 2.69934640522876e+000    6.70033670033670e-001
 2.59912854030501e+000    6.76318742985410e-001
 2.39869281045752e+000    7.21212121212121e-001
 2.49891067538126e+000    7.33333333333333e-001
 2.59912854030501e+000    7.58922558922559e-001
 2.69934640522876e+000    7.74635241301908e-001
 2.79956427015251e+000    7.93939393939394e-001
 2.89978213507625e+000    8.04713804713805e-001
 3.00000000000000e+000    8.22671156004489e-001
 3.10021786492375e+000    8.36588103254770e-001
 3.20043572984749e+000    8.46015712682379e-001
 3.30065359477124e+000    8.61279461279461e-001
 3.40087145969499e+000    8.70707070707071e-001
 3.50108932461874e+000    8.83277216610550e-001
 3.60130718954248e+000    8.93153759820426e-001
 3.70152505446623e+000    9.03928170594837e-001
 3.80174291938998e+000    9.10662177328844e-001
 3.90196078431373e+000    9.23681257014590e-001
 4.00217864923747e+000    9.37598204264871e-001
 4.09803921568627e+000    9.45230078563412e-001
 4.19825708061002e+000    9.53759820426487e-001
 4.29847494553377e+000    9.62289562289562e-001
 4.39869281045752e+000    9.78900112233446e-001
 4.49891067538126e+000    9.87878787878788e-001
 4.59912854030501e+000    1.00134680134680e+000
 4.69934640522876e+000    1.00897867564534e+000
 4.79956427015251e+000    1.02020202020202e+000
 4.89978213507625e+000    1.02648709315376e+000
 5.00000000000000e+000    1.03681257014590e+000
 5.10021786492375e+000    1.05028058361392e+000
 5.20043572984749e+000    1.05881032547699e+000
 5.30065359477124e+000    1.06913580246914e+000
 5.40087145969499e+000    1.07811447811448e+000
 5.50108932461874e+000    1.09292929292929e+000
 5.60130718954248e+000    1.09921436588103e+000
 5.70152505446623e+000    1.10998877665544e+000
 5.80174291938998e+000    1.11537598204265e+000
 5.90196078431373e+000    1.12570145903479e+000
 6.00217864923747e+000    1.13827160493827e+000
 6.09803921568627e+000    1.14814814814815e+000
 6.19825708061002e+000    1.15982042648709e+000
 6.29847494553377e+000    1.16655443322110e+000
 6.39869281045752e+000    1.18092031425365e+000
 6.49891067538126e+000    1.18810325476992e+000
 6.59912854030501e+000    1.19753086419753e+000
 6.69934640522876e+000    1.20650953984287e+000
 6.79956427015251e+000    1.21593714927048e+000
 6.89978213507625e+000    1.22222222222222e+000
 7.00000000000000e+000    1.23569023569024e+000
 7.10021786492375e+000    1.24466891133558e+000
 7.20043572984750e+000    1.25140291806958e+000
 7.30065359477124e+000    1.26307519640853e+000
 7.40087145969499e+000    1.26846240179574e+000
 7.50108932461874e+000    1.27789001122334e+000
 7.60130718954248e+000    1.28552188552189e+000
 7.70152505446623e+000    1.29719416386083e+000
 7.80174291938998e+000    1.30303030303030e+000
 7.90196078431373e+000    1.31245791245791e+000
 8.00217864923747e+000    1.32368125701459e+000
 8.09803921568627e+000    1.33400673400673e+000
 8.19825708061002e+000    1.34433221099888e+000
 8.29847494553377e+000    1.34792368125701e+000
 8.39869281045752e+000    1.35645342312009e+000
 8.49891067538126e+000    1.36363636363636e+000
 8.59912854030501e+000    1.37351290684624e+000
 8.69934640522876e+000    1.38024691358025e+000
 8.79956427015251e+000    1.38967452300786e+000
 8.89978213507625e+000    1.39461279461279e+000
 9.00000000000000e+000    1.40538720538721e+000
 9.10021786492375e+000    1.41571268237935e+000
 9.20043572984750e+000    1.42154882154882e+000
 9.30065359477124e+000    1.42962962962963e+000
 9.40087145969499e+000    1.43636363636364e+000
 9.50108932461874e+000    1.44668911335578e+000
