-9.59876543209877e+000   -2.81653746770026e-001
-9.50102880658436e+000   -2.77131782945736e-001
-9.39814814814815e+000   -2.70671834625323e-001
-9.30041152263374e+000   -2.65503875968992e-001
-9.19753086419753e+000   -2.62273901808785e-001
-9.09979423868313e+000   -2.53229974160207e-001
-9.00205761316872e+000   -2.45478036175711e-001
-8.89917695473251e+000   -2.47416020671835e-001
-8.80144032921811e+000   -2.34496124031008e-001
-8.69855967078189e+000   -2.33850129198967e-001
-8.60082304526749e+000   -2.24160206718346e-001
-8.49794238683128e+000   -2.24806201550388e-001
-8.40020576131687e+000   -2.21576227390181e-001
-8.30246913580247e+000   -2.18346253229974e-001
-8.19958847736626e+000   -2.13178294573643e-001
-8.10185185185185e+000   -2.06718346253230e-001
-7.99897119341564e+000   -2.00258397932817e-001
-7.90123456790123e+000   -1.94444444444444e-001
-7.79835390946502e+000   -1.95090439276486e-001
-7.70061728395062e+000   -1.88630490956072e-001
-7.59773662551440e+000   -1.83462532299742e-001
-7.50000000000000e+000   -1.80232558139535e-001
-7.40226337448560e+000   -1.76356589147287e-001
-7.29938271604938e+000   -1.71834625322997e-001
-7.20164609053498e+000   -1.66020671834625e-001
-7.09876543209877e+000   -1.60206718346253e-001
-7.00102880658436e+000   -1.54392764857881e-001
-6.89814814814815e+000   -1.53746770025840e-001
-6.80041152263374e+000   -1.48578811369509e-001
-6.69753086419753e+000   -1.49870801033592e-001
-6.59979423868313e+000   -1.42118863049095e-001
-6.50205761316873e+000   -1.37596899224806e-001
-6.39917695473251e+000   -1.34366925064600e-001
-6.29629629629630e+000   -1.33720930232558e-001
-6.11111111111111e+000   -1.27906976744186e-001
-6.01851851851852e+000   -1.27906976744186e-001
-5.90020576131687e+000   -1.22093023255814e-001
-5.80246913580247e+000   -1.25968992248062e-001
-5.69958847736626e+000   -1.24031007751938e-001
-5.60185185185185e+000   -1.24677002583979e-001
-5.49897119341564e+000   -1.20155038759690e-001
-5.40123456790123e+000   -1.18217054263566e-001
-5.29835390946502e+000   -1.15633074935401e-001
-5.20061728395062e+000   -1.13049095607235e-001
-5.09773662551440e+000   -1.13695090439276e-001
-5.00000000000000e+000   -1.14341085271318e-001
-4.90226337448560e+000   -1.06589147286822e-001
-4.79938271604938e+000   -1.07881136950904e-001
-4.70164609053498e+000   -1.02713178294574e-001
-4.59876543209877e+000   -1.01421188630491e-001
-4.50102880658436e+000   -9.81912144702843e-002
-4.39814814814815e+000   -9.56072351421189e-002
-4.30041152263374e+000   -9.36692506459949e-002
-4.19753086419753e+000   -8.97932816537468e-002
-4.09979423868313e+000   -8.65633074935401e-002
-4.00205761316872e+000   -8.46253229974159e-002
-3.89917695473251e+000   -7.81653746770026e-002
-3.80144032921811e+000   -7.88113695090438e-002
-3.69855967078189e+000   -7.17054263565893e-002
-3.60082304526749e+000   -7.29974160206717e-002
-3.49794238683128e+000   -6.65374677002584e-002
-3.40020576131687e+000   -6.45994832041343e-002
-3.30246913580247e+000   -6.13695090439275e-002
-3.19958847736626e+000   -5.62015503875970e-002
-3.10185185185185e+000   -5.55555555555556e-002
-2.99897119341564e+000   -4.90956072351421e-002
-2.90123456790123e+000   -4.26356589147288e-002
-2.79835390946502e+000   -3.81136950904393e-002
-2.70061728395062e+000   -3.22997416020672e-002
-2.59773662551440e+000   -3.10077519379846e-002
-2.50000000000000e+000   -3.48837209302326e-002
-2.40226337448560e+000   -4.00516795865633e-002
-2.50000000000000e+000   -7.04134366925064e-002
-2.59773662551440e+000   -6.65374677002584e-002
-2.90123456790123e+000   -1.04651162790698e-001
-2.99897119341564e+000   -1.14341085271318e-001
-3.40020576131687e+000   -1.51808785529716e-001
-3.49794238683128e+000   -1.67958656330749e-001
-3.89917695473251e+000   -2.06718346253230e-001
-4.00205761316872e+000   -2.14470284237726e-001
-4.30041152263374e+000   -2.51291989664083e-001
-4.39814814814815e+000   -2.59043927648579e-001
-4.50102880658436e+000   -2.66795865633075e-001
-4.79938271604938e+000   -3.05555555555556e-001
-4.90226337448560e+000   -3.12015503875969e-001
-5.00000000000000e+000   -3.21059431524548e-001
-5.29835390946502e+000   -3.54651162790698e-001
-5.40123456790123e+000   -3.64987080103359e-001
-5.49897119341564e+000   -3.73385012919897e-001
-5.80246913580247e+000   -4.07622739018088e-001
-5.90020576131687e+000   -4.16020671834625e-001
-6.30144032921811e+000   -4.56718346253230e-001
-6.39917695473251e+000   -4.65116279069767e-001
-6.50205761316873e+000   -4.74160206718346e-001
-6.80041152263374e+000   -5.11627906976744e-001
-6.89814814814815e+000   -5.20025839793282e-001
-7.00102880658436e+000   -5.25839793281654e-001
-7.20164609053498e+000   -5.58139534883721e-001
-7.29938271604938e+000   -5.61369509043928e-001
-7.40226337448560e+000   -5.63953488372093e-001
-7.50000000000000e+000   -5.70413436692506e-001
-7.79835390946502e+000   -6.04651162790698e-001
-7.90123456790123e+000   -6.18863049095607e-001
-7.99897119341564e+000   -6.22093023255814e-001
-8.30246913580247e+000   -6.51162790697674e-001
-8.40020576131687e+000   -6.56330749354005e-001
-8.49794238683128e+000   -6.62144702842377e-001
-8.80144032921811e+000   -6.98320413436692e-001
-8.89917695473251e+000   -7.08656330749354e-001
-9.00205761316872e+000   -7.15762273901809e-001
-9.30041152263374e+000   -7.51937984496124e-001
-9.39814814814815e+000   -7.55813953488372e-001
-9.50102880658436e+000   -7.63565891472868e-001
-9.79938271604938e+000   -8.00387596899225e-001
-9.90226337448560e+000   -8.07493540051680e-001
-1.00000000000000e+001   -8.11369509043928e-001
-1.02983539094650e+001   -8.54005167958656e-001
-1.04012345679012e+001   -8.62403100775194e-001
-1.04989711934156e+001   -8.66279069767442e-001
-1.08024691358025e+001   -8.93410852713178e-001
-1.09002057613169e+001   -9.01162790697674e-001
-1.09979423868313e+001   -9.12790697674419e-001
-1.13014403292181e+001   -9.48966408268734e-001
-1.13991769547325e+001   -9.57364341085271e-001
-1.15020576131687e+001   -9.61886304909561e-001
-1.16975308641975e+001   -9.96124031007752e-001
-1.18004115226337e+001   -1.00516795865633e+000
-1.18981481481481e+001   -1.01550387596899e+000
-1.22016460905350e+001   -1.04844961240310e+000
-1.22993827160494e+001   -1.06524547803618e+000
-1.24022633744856e+001   -1.07105943152455e+000
-1.27006172839506e+001   -1.09819121447028e+000
-1.27983539094650e+001   -1.11240310077519e+000
-1.31018518518519e+001   -1.16472868217054e+000
-1.31995884773663e+001   -1.17248062015504e+000
-1.33024691358025e+001   -1.18281653746770e+000
-1.34979423868313e+001   -1.22093023255814e+000
-1.36985596707819e+001   -1.23643410852713e+000
-1.40020576131687e+001   -1.28294573643411e+000
-1.40997942386831e+001   -1.30167958656331e+000
-1.43981481481481e+001   -1.34948320413437e+000
-1.45010288065844e+001   -1.36498708010336e+000
-1.47016460905350e+001   -1.41085271317829e+000
-1.47993827160494e+001   -1.42635658914729e+000
-1.50977366255144e+001   -1.48449612403101e+000
-1.52006172839506e+001   -1.49806201550388e+000
-1.54989711934156e+001   -1.52906976744186e+000
-1.56018518518519e+001   -1.52583979328165e+000
-1.56995884773663e+001   -1.51744186046512e+000
-1.59002057613169e+001   -1.46640826873385e+000
-1.61985596707819e+001   -1.30943152454780e+000
-1.63014403292181e+001   -1.29069767441860e+000
-1.63425925925926e+001   -1.25581395348837e+000
-1.63435925925926e+001   -1.24418604651163e+000
-1.63445925925926e+001   -1.21511627906977e+000
-1.63455925925926e+001   -1.19186046511628e+000
-1.63465925925926e+001   -1.16860465116279e+000
-1.63456925925926e+001   -1.14534883720930e+000
-1.63437925925926e+001   -1.11627906976744e+000
-1.63014403292181e+001   -1.08591731266150e+000
-1.61985596707819e+001   -1.01873385012920e+000
-1.61008230452675e+001   -9.70930232558139e-001
-1.59979423868313e+001   -9.32816537467700e-001
-1.59002057613169e+001   -8.85658914728682e-001
-1.58024691358025e+001   -8.54651162790698e-001
-1.56995884773663e+001   -8.32041343669251e-001
-1.56018518518519e+001   -8.07493540051680e-001
-1.54989711934156e+001   -7.86821705426357e-001
-1.54012345679012e+001   -7.63565891472868e-001
-1.52983539094650e+001   -7.34496124031008e-001
-1.52006172839506e+001   -7.16408268733850e-001
-1.50977366255144e+001   -6.95090439276486e-001
-1.50000000000000e+001   -6.80232558139535e-001
-1.49022633744856e+001   -6.68604651162791e-001
-1.47993827160494e+001   -6.51808785529716e-001
-1.47016460905350e+001   -6.32428940568476e-001
-1.45987654320988e+001   -6.16279069767442e-001
-1.45010288065844e+001   -6.06589147286822e-001
-1.43981481481481e+001   -5.98191214470284e-001
-1.43004115226337e+001   -5.83979328165375e-001
-1.41975308641975e+001   -5.71705426356589e-001
-1.40997942386831e+001   -5.62661498708010e-001
-1.40020576131687e+001   -5.49741602067183e-001
-1.38991769547325e+001   -5.39405684754522e-001
-1.38014403292181e+001   -5.31007751937985e-001
-1.36985596707819e+001   -5.15503875968992e-001
-1.36008230452675e+001   -5.10335917312661e-001
-1.34979423868313e+001   -5.00000000000000e-001
-1.34002057613169e+001   -4.90956072351421e-001
-1.33024691358025e+001   -4.82558139534884e-001
-1.31995884773663e+001   -4.73514211886305e-001
-1.31018518518519e+001   -4.68346253229974e-001
-1.29989711934156e+001   -4.58656330749354e-001
-1.29012345679012e+001   -4.50904392764858e-001
-1.27983539094650e+001   -4.41860465116279e-001
-1.27006172839506e+001   -4.32816537467700e-001
-1.25977366255144e+001   -4.26356589147287e-001
-1.25000000000000e+001   -4.21834625322997e-001
-1.24022633744856e+001   -4.16020671834625e-001
-1.22993827160494e+001   -4.10206718346253e-001
-1.22016460905350e+001   -4.07622739018088e-001
-1.20987654320988e+001   -3.99870801033592e-001
-1.20010288065844e+001   -3.92118863049096e-001
-1.18981481481481e+001   -3.85658914728682e-001
-1.18004115226337e+001   -3.80490956072352e-001
-1.16975308641975e+001   -3.76614987080103e-001
-1.15997942386831e+001   -3.68863049095607e-001
-1.15020576131687e+001   -3.65633074935400e-001
-1.13991769547325e+001   -3.63049095607235e-001
-1.13014403292181e+001   -3.57881136950904e-001
-1.11985596707819e+001   -3.51421188630491e-001
-1.11008230452675e+001   -3.45607235142119e-001
-1.09979423868313e+001   -3.39793281653747e-001
-1.09002057613169e+001   -3.28165374677003e-001
-1.08024691358025e+001   -3.28811369509044e-001
-1.06995884773663e+001   -3.22351421188630e-001
-1.06018518518519e+001   -3.22997416020672e-001
-1.04989711934156e+001   -3.17183462532300e-001
-1.04012345679012e+001   -3.11369509043928e-001
-1.02983539094650e+001   -3.04263565891473e-001
-1.02006172839506e+001   -2.98449612403101e-001
-1.00977366255144e+001   -2.98449612403101e-001
-1.00000000000000e+001   -2.92635658914729e-001
-9.90226337448560e+000   -2.87467700258398e-001
-9.79938271604938e+000   -2.86175710594315e-001
-9.70164609053498e+000   -2.86175710594315e-001
