 2.07961667901692e+001    3.16055843728130e-001
 2.11933946729241e+001    3.24238143756947e-001
 2.19881334650694e+001    3.41384411922111e-001
 2.28106088674818e+001    3.57356376847392e-001
 2.32075537236013e+001    3.64757008768680e-001
 2.36026589065909e+001    3.67076797991025e-001
 2.40001698159812e+001    3.76040766127372e-001
 2.44238606891441e+001    3.79531256432423e-001
 2.48200979786752e+001    3.84977718084887e-001
 2.55828547610226e+001    3.91573267876991e-001
 2.59783844839653e+001    3.95065559260632e-001
 2.64008017372689e+001    3.95038543081800e-001
 2.71901630233420e+001    3.97333117203903e-001
 2.75844191264254e+001    3.97307902103660e-001
 2.79785337161912e+001    3.96891852949652e-001
 2.84006679428595e+001    3.96083168663291e-001
 2.87930843728130e+001    3.90977110864106e-001
 2.91857838294018e+001    3.86652721172451e-001
 2.95804644724384e+001    3.87800008233502e-001
 2.96060783829402e+001    3.80763194187147e-001
 3.00003344860236e+001    3.80737979086905e-001
 2.99949569799514e+001    3.65886285043843e-001
 3.04078928409699e+001    3.39673387262772e-001
 3.03960057222840e+001    3.06843326746532e-001
 2.99977872463052e+001    2.95925188341361e-001
 2.95907949446297e+001    2.60775338602775e-001
 2.95831532254745e+001    2.39670299699477e-001
 2.91867744226257e+001    2.33833003993249e-001
 2.88145943971018e+001    2.17050553703018e-001
 2.84119890082747e+001    1.94016559631139e-001
 2.79888641883825e+001    1.92089405541147e-001
 2.75878154460500e+001    1.73354586060681e-001
 2.71914366432012e+001    1.67517290354452e-001
 2.67903879008686e+001    1.48782470873986e-001
 2.63957072578321e+001    1.47635183812935e-001
 2.59980548351241e+001    1.38280381622823e-001
 2.55987042526038e+001    1.24235570787534e-001
 2.52024669630727e+001    1.18789109135071e-001
 2.48035409205055e+001    1.05916800461076e-001
 2.44081527108806e+001    1.02815343131201e-001
 2.40114908813964e+001    9.61963793174426e-002
 2.35852527685151e+001    8.56708760446255e-002
 2.31878833724425e+001    7.70977419620436e-002
 2.27890988431930e+001    6.46162673418138e-002
 2.23941351735211e+001    6.26873121732328e-002
 2.19970488040838e+001    5.48958461981804e-002
 2.12031590918447e+001    4.00945823556049e-002
 2.08074878555844e+001    3.62114569182001e-002
 2.04092693796056e+001    2.52933185130295e-002
 2.00143057099337e+001    2.33643633444486e-002
 1.95890581902762e+001    1.55746984479848e-002
 1.91906982009798e+001    4.26572598904940e-003
 1.87957345313079e+001    2.33677082046846e-003
 1.83989311885060e+001   -4.67302704705450e-003
 1.75787199991766e+001   -1.43916471120991e-002
 1.71830487629163e+001   -1.82747725495039e-002
 1.68166707834177e+001   -1.90330266353794e-002
 1.59985822938537e+001   -2.28891358939525e-002
 1.56041846774526e+001   -2.32547548474744e-002
 1.52099285743691e+001   -2.32295397472315e-002
 1.43933967312997e+001   -2.27864744143922e-002
 1.39994236548516e+001   -2.19795912066197e-002
 1.36060166316743e+001   -1.96093717837883e-002
 1.32120435552262e+001   -1.88024885760159e-002
 1.23963607920629e+001   -1.60144189205879e-002
 1.20030952822033e+001   -1.32533654439916e-002
 1.15823761887119e+001   -8.53634061998271e-003
 1.07964112222634e+001   -1.45089745173110e-003
 1.04056929521222e+001    8.34516899263102e-003
 1.00138425754395e+001    1.50145630068749e-002
 1.04139007245482e+001    3.10135441109876e-002
 1.03911170804002e+001    4.58670392326376e-002
 1.08146664402454e+001    4.89666954839240e-002
 1.11881200856284e+001    6.92666522580379e-002
 1.15837913218888e+001    7.31497776954427e-002
 1.20122936478531e+001    8.99286258284961e-002
 1.24076818574781e+001    9.30300831583714e-002
 1.28046267135976e+001    1.00430715079659e-001
 1.32048263760240e+001    1.16820530237536e-001
 1.36014882055082e+001    1.23439494051295e-001
 1.40008387880285e+001    1.37484304886583e-001
 1.43969345642419e+001    1.42539932485283e-001
 1.47964266600799e+001    1.56975577374336e-001
 1.51925224362933e+001    1.62031204973035e-001
 1.55924390720843e+001    1.77639352023383e-001
 1.59883933349800e+001    1.82304145568317e-001
 1.68148311102878e+001    2.09219463999012e-001
 1.72103608332304e+001    2.12711755382652e-001
 1.76058905561731e+001    2.16204046766292e-001
 1.75832484253427e+001    2.31448375941707e-001
 1.80073638384587e+001    2.36111368408052e-001
 1.83796853773002e+001    2.53284652752048e-001
 1.88038007904162e+001    2.57947645218394e-001
 1.92042834794780e+001    2.75119128483800e-001
 1.96051907084929e+001    2.93463113910502e-001
 2.00005789181178e+001    2.96564571240377e-001
 2.04258264377753e+001    3.04354236136841e-001
 2.07961667901692e+001    3.16055843728130e-001