-1.52108843537415e+001   -1.11825726141079e+000
-1.48117913832200e+001   -1.08506224066390e+000
-1.31904761904762e+001   -8.91424619640387e-001
-1.27913832199547e+001   -8.84047948363301e-001
-1.23922902494331e+001   -8.34255417242969e-001
-1.19931972789116e+001   -7.80774550484094e-001
-1.15941043083900e+001   -7.67865375749193e-001
-1.11950113378685e+001   -7.34670355002305e-001
-1.07959183673469e+001   -6.83033656062702e-001
-1.03968253968254e+001   -6.55371138773628e-001
-9.99773242630386e+000   -6.09266943291840e-001
-9.59863945578231e+000   -5.74227754725680e-001
-9.19954648526077e+000   -5.53941908713693e-001
-8.80045351473923e+000   -5.18902720147533e-001
-8.40136054421769e+000   -4.70954356846473e-001
-8.00226757369614e+000   -4.59889349930844e-001
-7.60317460317460e+000   -4.30382664822499e-001
-7.20408163265306e+000   -3.78745965882895e-001
-6.80498866213152e+000   -3.43706777316736e-001
-6.40589569160998e+000   -3.04979253112033e-001
-6.00680272108843e+000   -2.66251728907331e-001
-4.80952380952381e+000   -1.59289995389581e-001
-4.41043083900227e+000   -1.53757491931766e-001
-4.01133786848073e+000   -1.26094974642692e-001
-3.61224489795918e+000   -5.23282618718304e-002
-3.18820861678005e+000   -1.36007376671277e-002
-2.78911564625850e+000    3.98801290917474e-002
-2.39002267573696e+000    4.54126325495621e-002
-1.99092970521542e+000    8.04518211157215e-002
-1.59183673469388e+000    1.21023513139696e-001
-1.19274376417233e+000    1.39465191332411e-001
-7.93650793650794e-001    1.89257722452743e-001
-3.94557823129251e-001    1.85569386814200e-001
 4.53514739228922e-003    2.40894421392347e-001
 4.03628117913833e-001    2.85154449054864e-001
 8.02721088435376e-001    3.10972798524666e-001
 1.20181405895692e+000    3.36791147994467e-001
 1.60090702947846e+000    3.69986168741355e-001
 2.00000000000000e+000    3.90272014753343e-001
 2.39909297052154e+000    4.38220378054403e-001
 2.79818594104308e+000    4.73259566620563e-001
 3.19727891156463e+000    4.82480405716920e-001
 3.59637188208617e+000    5.41493775933610e-001
 3.99546485260771e+000    5.35961272475795e-001
 3.59637188208617e+000    4.51129552789304e-001
 3.19727891156463e+000    4.16090364223144e-001
 2.79818594104308e+000    4.03181189488243e-001
 2.39909297052154e+000    3.40479483633011e-001
 2.00000000000000e+000    3.09128630705394e-001
 1.60090702947846e+000    2.59336099585062e-001
 1.20181405895692e+000    2.35361917934532e-001
 8.02721088435376e-001    2.20608575380360e-001
 4.03628117913833e-001    1.80036883356385e-001
 4.53514739228922e-003    1.32088520055325e-001
-3.94557823129251e-001    8.41401567542646e-002
-7.93650793650794e-001    7.86076532964499e-002
-1.19274376417233e+000    3.25034578146612e-002
-1.59183673469388e+000   -4.37989857076992e-003
-1.99092970521542e+000   -5.97049331489166e-002
-2.39002267573696e+000   -8.55232826187182e-002
-2.78911564625850e+000   -1.15029967727063e-001
-3.18820861678005e+000   -1.37159981558322e-001
-3.61224489795918e+000   -1.81420009220839e-001
-4.01133786848073e+000   -2.21991701244813e-001
-4.41043083900227e+000   -2.66251728907331e-001
-4.80952380952381e+000   -2.82849239280775e-001
-5.20861678004535e+000   -3.06823420931305e-001
-5.60770975056689e+000   -3.56615952051637e-001
-6.00680272108843e+000   -3.58460119870908e-001
-6.00680272108843e+000   -4.21161825726141e-001
-6.40589569160998e+000   -4.24850161364684e-001
-6.80498866213152e+000   -4.63577685569387e-001
-7.20408163265306e+000   -5.31811894882434e-001
-7.60317460317460e+000   -5.53941908713693e-001
-8.00226757369614e+000   -5.68695251267865e-001
-8.40136054421769e+000   -5.70539419087137e-001
-8.40136054421769e+000   -6.03734439834025e-001
-8.80045351473923e+000   -6.22176118026740e-001
-9.22448979591837e+000   -6.64591977869986e-001
-9.59863945578231e+000   -7.18072844628861e-001
-9.99773242630386e+000   -7.27293683725219e-001
-1.03968253968254e+001   -7.49423697556478e-001
-1.07959183673469e+001   -7.86307053941909e-001
-1.11950113378685e+001   -8.34255417242969e-001
-1.15941043083900e+001   -8.76671277086215e-001
-1.19931972789116e+001   -8.69294605809129e-001
-1.23922902494331e+001   -9.24619640387275e-001
-1.43877551020408e+001   -1.05186721991701e+000
-1.52108843537415e+001   -1.11825726141079e+000