
 9.99490316004078e+000    1.19158878504673e+000
 1.03873598369011e+001    1.28712357217030e+000
 1.08078491335372e+001    1.37850467289720e+000
 1.12003058103976e+001    1.43457943925234e+000
 1.12003058103976e+001    1.49065420560748e+000
 1.15927624872579e+001    1.51349948078920e+000
 1.15927624872579e+001    1.56542056074766e+000
 1.20132517838940e+001    1.55503634475597e+000
 1.24057084607543e+001    1.62149532710280e+000
 1.27981651376147e+001    1.65057113187954e+000
 1.31906218144750e+001    1.74402907580478e+000
 1.36111111111111e+001    1.76272066458982e+000
 1.40035677879715e+001    1.78971962616822e+000
 1.40035677879715e+001    1.82710280373832e+000
 1.43960244648318e+001    1.82502596053998e+000
 1.47884811416921e+001    1.88940809968847e+000
 1.52089704383282e+001    1.93717549325026e+000
 1.56014271151886e+001    1.95379023883697e+000
 1.59938837920489e+001    1.98909657320872e+000
 1.68068297655454e+001    2.05763239875389e+000
 1.71992864424057e+001    2.07840083073728e+000
 1.80122324159021e+001    2.15524402907580e+000
 1.84046890927625e+001    2.17808930425753e+000
 1.87971457696228e+001    2.18224299065421e+000
 1.96100917431193e+001    2.24662512980270e+000
 2.00025484199796e+001    2.26323987538941e+000
 2.07874617737003e+001    2.29646936656282e+000
 2.12079510703364e+001    2.32969885773624e+000
 2.16004077471967e+001    2.34839044652129e+000
 2.24133537206932e+001    2.36915887850467e+000
 2.28058103975535e+001    2.36915887850467e+000
 2.31982670744139e+001    2.38369678089304e+000
 2.35907237512742e+001    2.36915887850467e+000
 2.44036697247706e+001    2.37331256490135e+000
 2.47961264016310e+001    2.37331256490135e+000
 2.51885830784913e+001    2.37538940809969e+000
 2.60015290519878e+001    2.36915887850467e+000
 2.63939857288481e+001    2.36500519210800e+000
 2.67864424057085e+001    2.33800623052960e+000
 2.72069317023445e+001    2.33177570093458e+000
 2.75993883792049e+001    2.30477673935618e+000
 2.79918450560652e+001    2.28193146417446e+000
 2.84123343527013e+001    2.25908618899273e+000
 2.91972477064220e+001    2.16147455867082e+000
 2.91972477064220e+001    2.10747663551402e+000
 3.00101936799185e+001    2.04101765316719e+000
 2.95897043832824e+001    1.94132917964694e+000
 3.00101936799185e+001    1.89148494288681e+000
 2.91972477064220e+001    1.82710280373832e+000
 2.95897043832824e+001    1.80841121495327e+000
 2.91972477064220e+001    1.75649013499481e+000
 2.88047910295617e+001    1.67133956386293e+000
 2.84123343527013e+001    1.62564901349948e+000
 2.79918450560652e+001    1.57995846313603e+000
 2.75993883792049e+001    1.56334371754933e+000
 2.72069317023445e+001    1.52803738317757e+000
 2.67864424057085e+001    1.48857736240914e+000
 2.63939857288481e+001    1.46988577362409e+000
 2.60015290519878e+001    1.43457943925234e+000
 2.51885830784913e+001    1.39304257528557e+000
 2.47961264016310e+001    1.39096573208723e+000
 2.44036697247706e+001    1.35773624091381e+000
 2.40112130479103e+001    1.32242990654206e+000
 2.35907237512742e+001    1.31204569055036e+000
 2.31982670744139e+001    1.28920041536864e+000
 2.28058103975535e+001    1.29127725856698e+000
 2.19928644240571e+001    1.26635514018692e+000
 2.16004077471967e+001    1.23104880581516e+000
 2.12079510703364e+001    1.22897196261682e+000
 2.03950050968400e+001    1.20404984423676e+000
 2.00025484199796e+001    1.19158878504673e+000
 1.96100917431193e+001    1.18951194184839e+000
 1.91896024464832e+001    1.16043613707165e+000
 1.87971457696228e+001    1.16458982346833e+000
 1.84046890927625e+001    1.13551401869159e+000
 1.80122324159021e+001    1.15005192107996e+000
 1.75917431192661e+001    1.12512980269990e+000
 1.71992864424057e+001    1.11682242990654e+000
 1.63863404689093e+001    1.08982346832814e+000
 1.59938837920489e+001    1.08982346832814e+000
 1.56014271151886e+001    1.06905503634476e+000
 1.47884811416921e+001    1.04413291796469e+000
 1.43960244648318e+001    1.02544132917965e+000
 1.40035677879715e+001    1.02751817237799e+000
 1.27981651376147e+001    1.01505711318795e+000
 1.24057084607543e+001    1.01298026998962e+000
 1.20132517838940e+001    1.01713395638629e+000
 1.12003058103976e+001    1.02336448598131e+000
 1.08078491335372e+001    1.03374870197300e+000
 1.03873598369011e+001    1.06074766355140e+000
 9.99490316004078e+000    1.10228452751817e+000
 9.99490316004078e+000    1.19158878504673e+000