-9.40059944897179e+000   -2.71328132944030e-001
-9.29894006962905e+000   -2.60865617873070e-001
-9.10020917767028e+000   -2.54265263433129e-001
-9.00293187683696e+000   -2.50009078891939e-001
-8.90132091825124e+000   -2.41456762685028e-001
-8.79984311674729e+000   -2.38157493354251e-001
-8.70256581591397e+000   -2.33901308813062e-001
-8.60103959365301e+000   -2.28691840618236e-001
-8.49940442468878e+000   -2.19184424979300e-001
-8.40226028093723e+000   -2.20181287314246e-001
-8.30074616386553e+000   -2.15449368835432e-001
-8.19914731046905e+000   -2.07374602344533e-001
-8.10180948368947e+000   -2.00730669223283e-001
-7.89879335473531e+000   -1.91744381981668e-001
-7.70007456796580e+000   -1.85621577257739e-001
-7.59845150419082e+000   -1.76591711334815e-001
-7.50119841373600e+000   -1.73290626225650e-001
-7.39972061223205e+000   -1.69991356894874e-001
-7.29823070553885e+000   -1.66214537848085e-001
-7.20103814103030e+000   -1.65301201318981e-001
-7.09940297206607e+000   -1.55793785680045e-001
-6.99798569650838e+000   -1.54882264929330e-001
-6.90069629048580e+000   -1.50148530672129e-001
-6.79915796303559e+000   -1.44461512761290e-001
-6.69775279266716e+000   -1.44027541726587e-001
-6.60048759702309e+000   -1.40248906901411e-001
-6.49893716438363e+000   -1.34084339274560e-001
-6.39748357325819e+000   -1.31740169375808e-001
-6.30027890356038e+000   -1.30349283130692e-001
-6.19876478648867e+000   -1.25617364651879e-001
-6.09729909017398e+000   -1.22795645037114e-001
-6.00013073604393e+000   -1.22837407940036e-001
-5.89858030340446e+000   -1.16672840313185e-001
-5.79712671227902e+000   -1.14328670414433e-001
-5.69993414777047e+000   -1.13415333885330e-001
-5.59840792550951e+000   -1.08205865690504e-001
-5.50120325581170e+000   -1.06814979445389e-001
-5.39971334911850e+000   -1.03038160398600e-001
-5.29822344242530e+000   -9.92613413518106e-002
-5.20111561424151e+000   -1.01690852834793e-001
-5.09964991792682e+000   -9.88691332200289e-002
-5.00233630152574e+000   -9.31802995308029e-002
-4.90095534153581e+000   -9.37014279281243e-002
-4.80373856664875e+000   -9.18329919669965e-002
-4.70228497552331e+000   -8.94888220682444e-002
-4.60090401553338e+000   -9.00099504655656e-002
-4.50360250432155e+000   -8.47986664923521e-002
-4.40222154433162e+000   -8.53197948896733e-002
-4.30076795320618e+000   -8.29756249909210e-002
-4.20353907312987e+000   -8.06296393137811e-002
-4.10204916643667e+000   -7.68528202669920e-002
-4.00054715455422e+000   -7.25984515041906e-002
-3.90337880042417e+000   -7.26402144071119e-002
-3.80181626259545e+000   -6.59980970642495e-002
-3.70033846109150e+000   -6.26988277334728e-002
-3.60315800177220e+000   -6.22630409203817e-002
-3.50169230545750e+000   -5.94413213056173e-002
-3.40019029357505e+000   -5.51869525428161e-002
-3.30290088755248e+000   -5.04532182856146e-002
-3.20147150680554e+000   -4.90641478188869e-002
-3.09998160011234e+000   -4.52873287720981e-002
-2.99852800898689e+000   -4.29431588733458e-002
-2.90129912891058e+000   -4.05971731962058e-002
-2.69834352590268e+000   -3.39986345346524e-002
-2.60112675101563e+000   -3.21301985735245e-002
-2.39834062065727e+000   -3.22173559361427e-002
-2.50059315427337e+000   -6.60798070917041e-002
-2.80152815909124e+000   -1.04632413823158e-001
-2.89903545852036e+000   -1.17962042968580e-001
-3.30146037003143e+000   -1.60291468746822e-001
-3.39896766946054e+000   -1.73621097892244e-001
-3.55972458273413e+000   -1.82147993201726e-001
-3.82653505904911e+000   -2.07821283827951e-001
-4.20382959767193e+000   -2.58757499164742e-001
-4.30111900369450e+000   -2.63491233421943e-001
-4.69928288858868e+000   -3.04389825830537e-001
-5.10163516896423e+000   -3.43853953312706e-001
-5.60148264357965e+000   -3.96170160224285e-001
-5.99964652847383e+000   -4.37068752632879e-001
-6.10131801300582e+000   -4.48008817419852e-001
-6.57133830130300e+000   -4.90309190743888e-001
-6.90195523016807e+000   -5.33147034470737e-001
-7.39746904703108e+000   -5.81167109716593e-001
-7.49903158485980e+000   -5.87809227059456e-001
-7.79985764297439e+000   -6.22063886346799e-001
-7.90144439118161e+000   -6.29661103121686e-001
-7.99872169201493e+000   -6.33917287662875e-001
-8.10032054541141e+000   -6.41992054153775e-001
-8.29975353834682e+000   -6.76290292122427e-001
-8.40119502428301e+000   -6.78156912305167e-001
-8.49855706144110e+000   -6.85755944858442e-001
-8.60013170445907e+000   -6.92875611917317e-001
-8.79940732993420e+000   -7.20965703577810e-001
-8.90093355219516e+000   -7.26175171772636e-001
-9.00255661597013e+000   -7.35205037695559e-001
-9.29914585784634e+000   -7.68983963045278e-001
-9.40070839567506e+000   -7.75626080388141e-001
-9.49802201207614e+000   -7.81314914077367e-001
-9.79881175462297e+000   -8.14136924216673e-001
-9.90035008207318e+000   -8.19823942127511e-001
-1.02986713344276e+001   -8.66930680844264e-001
-1.06967746933756e+001   -9.05441524672797e-001
-1.07983493363935e+001   -9.12561191731671e-001
-1.08998876638437e+001   -9.18248209642510e-001
-1.12006653012013e+001   -9.50592670065804e-001
-1.12981120746842e+001   -9.61534550631165e-001
-1.13996019813774e+001   -9.65311369677954e-001
-1.17005248810060e+001   -1.00338642669340e+000
-1.17979111285426e+001   -1.01194055867869e+000
-1.20987856074142e+001   -1.04810541683009e+000
-1.22004086711892e+001   -1.05713528275301e+000
-1.22977707083473e+001   -1.06473431530629e+000
-1.25986330820296e+001   -1.10042162374167e+000
-1.27003650925079e+001   -1.11374943710870e+000
-1.30012516765687e+001   -1.15039184497610e+000
-1.31028626351544e+001   -1.15894416118302e+000
-1.33996213496802e+001   -1.19940878255691e+000
-1.35013412549692e+001   -1.21225904620793e+000
-1.36029037927979e+001   -1.21890116355079e+000
-1.37981604954412e+001   -1.25511141616188e+000
-1.38997593488377e+001   -1.26318618265278e+000
-1.40014187281804e+001   -1.27364869772374e+000
-1.42009122470621e+001   -1.31033468427245e+000
-1.43026321523511e+001   -1.32318494792348e+000
-1.43999578739414e+001   -1.32935133132871e+000
-1.45995603395263e+001   -1.37033526532154e+000
-1.47011470877336e+001   -1.37793248209643e+000
-1.49978815918808e+001   -1.41744200403829e+000
-1.50995409712235e+001   -1.42790451910925e+000
-1.52010429831060e+001   -1.43215888787205e+000
-1.55984079255095e+001   -1.44153919902384e+000
-1.56996436232284e+001   -1.43528747403437e+000
-1.58971155755049e+001   -1.39222265800904e+000
-1.59983028524668e+001   -1.38406073415552e+000
-1.61992489940588e+001   -1.31138601995904e+000
-1.64006188172746e+001   -1.25542554582298e+000
-1.64031003810714e+001   -1.18665657093883e+000
-1.63006178488594e+001   -1.14372067517904e+000
-1.61982079477831e+001   -1.10365007771532e+000
-1.61972637430214e+001   -1.06640119986636e+000
-1.60998048643492e+001   -1.05498176958499e+000
-1.60018859884855e+001   -1.02541545009515e+000
-1.58994639822199e+001   -9.84867302915414e-001
-1.58014240544637e+001   -9.50525486265452e-001
-1.56994136246326e+001   -9.26214029430136e-001
-1.56015310643367e+001   -8.98080359088334e-001
-1.54996537915874e+001   -8.79021949129153e-001
-1.54018075468592e+001   -8.52320927935387e-001
-1.52997608014604e+001   -8.26576821952034e-001
-1.52022777124098e+001   -8.14202292238637e-001
-1.51002188618217e+001   -7.87980636539272e-001
-1.49983294838832e+001   -7.68444676864078e-001
-1.49008585000218e+001   -7.56547696866693e-001
-1.47990417532188e+001   -7.39877035487573e-001
-1.47015102434111e+001   -7.25592306910126e-001
-1.45996329706619e+001   -7.06533896950945e-001
-1.45021377764220e+001   -6.93681817521535e-001
-1.44005994489718e+001   -6.87994799610697e-001
-1.42987221762225e+001   -6.68936389651516e-001
-1.42012754027396e+001   -6.57994509086155e-001
-1.40995433922614e+001   -6.44666695719121e-001
-1.40020118824538e+001   -6.30381967141674e-001
-1.39004493446251e+001   -6.23739849798812e-001
-1.37986083874435e+001   -6.06114088987667e-001
-1.37010405620681e+001   -5.90396711262184e-001
-1.35995143398072e+001   -5.85187243067358e-001
-1.35020433559458e+001   -5.73290263069973e-001
-1.34003234506568e+001   -5.60439999418951e-001
-1.33029129927417e+001   -5.50930768001627e-001
-1.32011809822635e+001   -5.37602954634593e-001
-1.30995216029207e+001   -5.27140439563632e-001
-1.29979227495243e+001   -5.19065673072733e-001
-1.29004880812307e+001   -5.08601342223384e-001
-1.26970966914097e+001   -4.84811013785390e-001
-1.25997346542516e+001   -4.77211981232115e-001
-1.24981115904766e+001   -4.68182115309191e-001
-1.24007616585078e+001   -4.61060632471928e-001
-1.22991870154898e+001   -4.53940965413053e-001
-1.21211923127206e+001   -4.32049941168780e-001
-1.19306445286966e+001   -4.14939861419793e-001
-1.17782280908180e+001   -4.02111387109426e-001
-1.16005723333479e+001   -3.93591754913496e-001
-1.14990461110869e+001   -3.88382286718671e-001
-1.14017082843073e+001   -3.81738353597420e-001
-1.13000852205323e+001   -3.72708487674496e-001
-1.11985953138391e+001   -3.68931668627707e-001
-1.11012332766810e+001   -3.61332636074432e-001
-1.09996949492308e+001   -3.55645618163595e-001
-1.08981445165914e+001   -3.49481050536744e-001
-1.08007824794333e+001   -3.41882017983469e-001
-1.06992441519831e+001   -3.36195000072631e-001
-1.05004648392673e+001   -3.27684446768641e-001
-1.03988901962493e+001   -3.20564779709766e-001
-1.02000261472088e+001   -3.08711378393690e-001
-1.00985846612726e+001   -3.06844758210950e-001
-9.79818228478184e+000   -2.89304338984036e-001
-9.70078393205599e+000   -2.80272657282724e-001
-9.59928192017354e+000   -2.76018288519923e-001
-9.49777990829109e+000   -2.71763919757122e-001
