 9.59948320413437e+000    1.32803347280335e+000
 9.76744186046512e+000    1.34895397489540e+000
 9.96124031007752e+000    1.36987447698745e+000
 1.01550387596899e+001    1.38661087866109e+000
 1.03488372093023e+001    1.40334728033473e+000
 1.05038759689922e+001    1.41589958158996e+000
 1.07364341085271e+001    1.43263598326360e+000
 1.09302325581395e+001    1.45355648535565e+000
 1.11627906976744e+001    1.47029288702929e+000
 1.13565891472868e+001    1.49121338912134e+000
 1.14728682170543e+001    1.49958158995816e+000
 1.16020671834625e+001    1.51492329149233e+000
 1.17011197243755e+001    1.52468619246862e+000
 1.18992248062016e+001    1.53723849372385e+000
 1.21705426356589e+001    1.55815899581590e+000
 1.23643410852713e+001    1.57489539748954e+000
 1.25193798449612e+001    1.58744769874477e+000
 1.26744186046512e+001    1.60000000000000e+000
 1.27906976744186e+001    1.61255230125523e+000
 1.28983634797588e+001    1.62092050209205e+000
 1.30232558139535e+001    1.62928870292887e+000
 1.32558139534884e+001    1.65020920502092e+000
 1.34883720930233e+001    1.66276150627615e+000
 1.37596899224806e+001    1.67949790794979e+000
 1.39018087855297e+001    1.69623430962343e+000
 1.40008613264427e+001    1.70460251046025e+000
 1.41989664082687e+001    1.71622501162250e+000
 1.44013781223084e+001    1.72970711297071e+000
 1.44573643410853e+001    1.73389121338912e+000
 1.46899224806202e+001    1.74644351464435e+000
 1.48837209302326e+001    1.76317991631799e+000
 1.51550387596899e+001    1.77573221757322e+000
 1.53875968992248e+001    1.79246861924686e+000
 1.56976744186047e+001    1.80920502092050e+000
 1.58527131782946e+001    1.81338912133891e+000
 1.59991386735573e+001    1.81338912133891e+000
 1.60981912144703e+001    1.81571362157136e+000
 1.62015503875969e+001    1.81896792189679e+000
 1.63006029285099e+001    1.81803812180381e+000
 1.63996554694229e+001    1.81431892143189e+000
 1.64987080103359e+001    1.79990701999070e+000
 1.65891472868217e+001    1.78410041841004e+000
 1.66666666666667e+001    1.75899581589958e+000
 1.67054263565892e+001    1.73389121338912e+000
 1.66854263565892e+001    1.70460251046025e+000
 1.66666666666667e+001    1.67531380753138e+000
 1.66279069767442e+001    1.64184100418410e+000
 1.66020671834625e+001    1.59581589958159e+000
 1.64987080103359e+001    1.56001859600186e+000
 1.64296554694229e+001    1.52468619246862e+000
 1.63996554694229e+001    1.51259879125988e+000
 1.63006029285099e+001    1.46424918642492e+000
 1.60981912144703e+001    1.39637377963738e+000
 1.59991386735573e+001    1.38428637842864e+000
 1.58010335917313e+001    1.33314737331474e+000
 1.55986218776916e+001    1.28154346815435e+000
 1.54995693367786e+001    1.27224546722455e+000
 1.51981050818260e+001    1.21924686192469e+000
 1.50990525409130e+001    1.20669456066946e+000
 1.48018949181740e+001    1.16299395629940e+000
 1.46985357450474e+001    1.15044165504417e+000
 1.44013781223084e+001    1.11231985123199e+000
 1.42980189491817e+001    1.10162715016271e+000
 1.40008613264427e+001    1.06629474662947e+000
 1.39018087855297e+001    1.05885634588563e+000
 1.37984496124031e+001    1.05048814504881e+000
 1.35012919896641e+001    1.01701534170153e+000
 1.33979328165375e+001    1.01097164109716e+000
 1.32988802756245e+001    1.00864714086471e+000
 1.30017226528854e+001    9.81218038121804e-001
 1.28983634797588e+001    9.73314737331474e-001
 1.25021533161068e+001    9.41701534170153e-001
 1.23987941429802e+001    9.36122733612273e-001
 1.22997416020672e+001    9.32868433286843e-001
 1.18992248062016e+001    9.04974430497443e-001
 1.18001722652885e+001    9.03114830311483e-001
 1.13996554694229e+001    8.84053928405393e-001
 1.13006029285099e+001    8.82194328219433e-001
 1.12015503875969e+001    8.75220827522083e-001
 1.08010335917313e+001    8.61273826127383e-001
 1.07019810508183e+001    8.57089725708973e-001
 1.05986218776916e+001    8.53835425383543e-001
 1.01981050818260e+001    8.46397024639702e-001
 1.00990525409130e+001    8.45002324500232e-001
 9.59948320413437e+000    8.36634123663412e-001
 9.50043066322136e+000    8.34309623430962e-001
 9.40137812230835e+000    8.33379823337982e-001
 9.00086132644272e+000    8.30125523012552e-001
 8.90180878552972e+000    8.28265922826592e-001
 8.79844961240310e+000    8.28730822873082e-001
 8.29888027562446e+000    8.29195722919572e-001
 8.19982773471146e+000    8.28265922826592e-001
 8.10077519379845e+000    8.29660622966062e-001
 7.79931093884582e+000    8.31055323105532e-001
 7.70025839793282e+000    8.28265922826592e-001
 7.60120585701981e+000    8.25476522547652e-001
 7.50215331610680e+000    8.26406322640632e-001
 7.10163652024117e+000    8.24081822408182e-001
 6.99827734711456e+000    8.24081822408182e-001
 6.89922480620155e+000    8.22687122268712e-001
 6.60206718346253e+000    8.21757322175732e-001
 6.49870801033592e+000    8.20362622036262e-001
 6.39965546942291e+000    8.19897721989772e-001
 6.30060292850991e+000    8.18503021850302e-001
 5.90008613264427e+000    8.10599721059972e-001
 5.80103359173127e+000    8.10599721059972e-001
 5.70198105081826e+000    8.07345420734542e-001
 5.30146425495263e+000    7.95258019525802e-001
 5.19810508182601e+000    7.92003719200372e-001
 5.09905254091301e+000    7.90144119014412e-001
 4.69853574504737e+000    7.71548117154812e-001
 4.59948320413437e+000    7.68758716875872e-001
 4.50043066322136e+000    7.63179916317992e-001
 4.09991386735573e+000    7.43654114365411e-001
 4.00086132644272e+000    7.39005113900511e-001
 3.90180878552972e+000    7.34821013482101e-001
 3.50129198966408e+000    7.12970711297071e-001
 3.39793281653747e+000    7.09251510925151e-001
 3.29888027562446e+000    6.94839609483961e-001
 3.19982773471146e+000    6.86006508600651e-001
 3.00172265288544e+000    6.74384007438401e-001
 2.89836347975883e+000    6.68805206880521e-001
 2.70025839793282e+000    6.60901906090191e-001
 2.60120585701981e+000    6.51603905160390e-001
 2.79931093884582e+000    6.73454207345421e-001
 2.89836347975883e+000    6.90655509065551e-001
 3.00172265288544e+000    6.97629009762901e-001
 3.19982773471146e+000    7.21338912133891e-001
 3.29888027562446e+000    7.29242212924221e-001
 3.39793281653747e+000    7.42259414225941e-001
 3.50129198966408e+000    7.52022315202232e-001
 3.60034453057709e+000    7.61320316132032e-001
 3.69939707149010e+000    7.70153417015342e-001
 3.79844961240310e+000    7.82240818224082e-001
 3.90180878552972e+000    7.93398419339842e-001
 4.00086132644272e+000    8.00836820083682e-001
 4.09991386735573e+000    8.15248721524872e-001
 4.19896640826873e+000    8.22222222222222e-001
 4.29801894918174e+000    8.32450023245002e-001
 4.40137812230835e+000    8.42212924221292e-001
 4.50043066322136e+000    8.51046025104602e-001
 4.59948320413437e+000    8.62203626220363e-001
 4.69853574504737e+000    8.70106927010693e-001
 4.80189491817399e+000    8.82659228265923e-001
 4.90094745908699e+000    8.89167828916783e-001
 5.00000000000000e+000    8.98930729893073e-001
 5.09905254091301e+000    9.11483031148303e-001
 5.19810508182601e+000    9.17526731752673e-001
 5.30146425495263e+000    9.31008833100883e-001
 5.40051679586563e+000    9.39377033937703e-001
 5.49956933677864e+000    9.48210134821013e-001
 5.59862187769165e+000    9.56578335657834e-001
 5.70198105081826e+000    9.66341236634124e-001
 5.80103359173127e+000    9.78428637842864e-001
 5.90008613264427e+000    9.83542538354254e-001
 6.00775193798450e+000    9.93305439330544e-001
 6.20155038759690e+000    1.01701534170153e+000
 6.30060292850991e+000    1.02724314272431e+000
 6.47286821705426e+000    1.03933054393305e+000
 6.62790697674419e+000    1.05606694560669e+000
 6.78294573643411e+000    1.06861924686192e+000
 6.86046511627907e+000    1.07698744769874e+000
 6.99827734711456e+000    1.08721524872152e+000
 7.10163652024117e+000    1.09325894932589e+000
 7.20068906115418e+000    1.10581125058113e+000
 7.29974160206718e+000    1.11371455137146e+000
 7.39879414298019e+000    1.12394235239424e+000
 7.50215331610680e+000    1.13602975360298e+000
 7.60120585701981e+000    1.14067875406788e+000
 7.70025839793282e+000    1.15323105532311e+000
 7.79931093884582e+000    1.15927475592748e+000
 7.89836347975883e+000    1.16950255695026e+000
 8.00172265288544e+000    1.17833565783357e+000
 8.10077519379845e+000    1.18902835890284e+000
 8.19982773471146e+000    1.19925615992562e+000
 8.29888027562446e+000    1.20576476057648e+000
 8.39793281653747e+000    1.21738726173873e+000
 8.50129198966408e+000    1.22250116225012e+000
 8.60034453057709e+000    1.23226406322641e+000
 8.69939707149010e+000    1.23970246397025e+000
 8.79844961240310e+000    1.25225476522548e+000
 8.90180878552972e+000    1.26201766620177e+000
 9.00086132644272e+000    1.26992096699210e+000
 9.09991386735573e+000    1.28061366806137e+000
 9.19896640826873e+000    1.28851696885170e+000
 9.29801894918174e+000    1.29920966992097e+000
 9.40137812230835e+000    1.31083217108322e+000
