-9.40023629329421e+000   -4.23668308130329e-001
-9.29881901773652e+000   -4.22756787379614e-001
-9.20152961171395e+000   -4.18023053122413e-001
-9.10002759983150e+000   -4.13768684359611e-001
-8.99863453465231e+000   -4.13812263040920e-001
-8.90135723381899e+000   -4.09556078499731e-001
-8.79987943231504e+000   -4.06256809168954e-001
-8.70262634186023e+000   -4.02955724059790e-001
-8.60116064554553e+000   -4.00134004445025e-001
-8.49964652847383e+000   -3.95402085966212e-001
-8.40229659650499e+000   -3.88280603128949e-001
-8.30089142613656e+000   -3.87846632094246e-001
-8.19940151944335e+000   -3.84069813047457e-001
-8.10213632379929e+000   -3.80291178222280e-001
-8.00071904824160e+000   -3.79379657471565e-001
-7.89922914154840e+000   -3.75602838424776e-001
-7.80192763033657e+000   -3.70391554451562e-001
-7.70046193402188e+000   -3.67569834836798e-001
-7.59897202732868e+000   -3.63793015790009e-001
-7.50177946282012e+000   -3.62879679260906e-001
-7.40028955612692e+000   -3.59102860214117e-001
-7.29878754424447e+000   -3.54848491451315e-001
-7.20155866416816e+000   -3.52502505774175e-001
-7.10010507304271e+000   -3.50158335875423e-001
-6.99861516634951e+000   -3.46381516828634e-001
-6.90144681221946e+000   -3.46423279731555e-001
-6.79994480033701e+000   -3.42168910968754e-001
-6.69851541959007e+000   -3.40779840502027e-001
-6.60128653951376e+000   -3.38433854824886e-001
-6.49982084319906e+000   -3.35612135210122e-001
-6.39837935726287e+000   -3.33745515027382e-001
-6.30108995124030e+000   -3.29011780770181e-001
-6.19963636011485e+000   -3.26667610871428e-001
-6.09819487417866e+000   -3.24800990688688e-001
-6.00094178372385e+000   -3.21499905579524e-001
-5.89941556146289e+000   -3.16290437384698e-001
-5.79792565476969e+000   -3.12513618337909e-001
-5.70062414355786e+000   -3.07302334364695e-001
-5.59917055243242e+000   -3.04958164465943e-001
-5.49763222498220e+000   -2.99271146555105e-001
-5.40028229301337e+000   -2.92149663717842e-001
-5.29879238632017e+000   -2.88372844671054e-001
-5.20143034916208e+000   -2.80773812117779e-001
-5.09984360095486e+000   -2.73176595342892e-001
-4.99832948388315e+000   -2.68444676864078e-001
-4.90093113115730e+000   -2.59412995162766e-001
-4.80361751475623e+000   -2.53724161473540e-001
-4.70203076654900e+000   -2.46126944698653e-001
-4.60040770277402e+000   -2.37097078775730e-001
-4.49890569089157e+000   -2.32842710012928e-001
-4.39730683749510e+000   -2.24767943522029e-001
-4.24478145291324e+000   -2.07641521767551e-001
-4.09247396173792e+000   -1.99110994901294e-001
-4.01621126944699e+000   -1.90547784024055e-001
-3.86379483156840e+000   -1.77719309713688e-001
-3.71126944698653e+000   -1.60592887959210e-001
-3.59687540855014e+000   -1.47748071643352e-001
-3.44445897067155e+000   -1.34919597332985e-001
-3.29204253279296e+000   -1.22091123022617e-001
-3.17764849435656e+000   -1.09246306706759e-001
-3.06314550921689e+000   -9.21035429467905e-002
-2.94875147078050e+000   -7.92587266309321e-002
-2.79644397960518e+000   -7.07281997646751e-002
-2.64391859502331e+000   -5.36017780101974e-002
-2.60153832745021e+000   -4.83668889179414e-002
-2.50013315708178e+000   -4.79329178832382e-002
-2.64424543513313e+000   -6.64956203425284e-002
-2.79666187301172e+000   -7.93240946528959e-002
-2.94907831089031e+000   -9.21525689632632e-002
-3.06358129602998e+000   -1.09295332723232e-001
-3.21599773390857e+000   -1.22123807033599e-001
-3.44467686407809e+000   -1.43515492221205e-001
-3.55917984921776e+000   -1.60658255981174e-001
-3.78785897938728e+000   -1.82049941168780e-001
-3.94038436396915e+000   -1.99176362923258e-001
-4.13093214799320e+000   -2.16286442672245e-001
-4.32169782542380e+000   -2.41992417309452e-001
-4.55026800889005e+000   -2.59086155052948e-001
-4.62653070118098e+000   -2.67649365930187e-001
-4.69856868242278e+000   -2.76214392585814e-001
-4.80019174619776e+000   -2.85244258508738e-001
-4.89749325740959e+000   -2.90455542481951e-001
-4.99935842496962e+000   -3.09036402725120e-001
-5.10089675241983e+000   -3.14723420635958e-001
-5.10111464582637e+000   -3.23319315524179e-001
-5.19842826222745e+000   -3.29008149213405e-001
-5.30008764157019e+000   -3.39470664284365e-001
-5.40166228458816e+000   -3.46590331343240e-001
-5.49921800477429e+000   -3.61830159352711e-001
-5.60104685676656e+000   -3.78978370447844e-001
-5.70248834270275e+000   -3.80844990630584e-001
-5.79991090580710e+000   -3.90831771763920e-001
-5.90148554882507e+000   -3.97951438822794e-001
-6.00310861260005e+000   -4.06981304745718e-001
-6.10065222759693e+000   -4.21743583039177e-001
-6.19801426475501e+000   -4.29342615592452e-001
-6.29962522334074e+000   -4.37894931799364e-001
-6.49888874362662e+000   -4.65507473743844e-001
-6.60064496448337e+000   -4.79790386542903e-001
-6.69797068607371e+000   -4.85956769948141e-001
-6.79947269795616e+000   -4.90211138710943e-001
-6.99890569089157e+000   -5.24509376679595e-001
-7.10051664947730e+000   -5.33061692886507e-001
-7.20215181844153e+000   -5.42569108525443e-001
-7.40147586467367e+000   -5.72569399049985e-001
-7.49869263956073e+000   -5.74437835011113e-001
-7.60033991371421e+000   -5.84422800366061e-001
-7.75286529829607e+000   -6.01549222120539e-001
-8.01989366801761e+000   -6.35818407634985e-001
-8.29970511758981e+000   -6.74380093258378e-001
-8.51538327450211e+000   -6.82883383448817e-001
-8.78241164422365e+000   -7.17152568963263e-001
-9.16350721227176e+000   -7.51372728461237e-001
-9.50240409058555e+000   -7.87521244607138e-001
-9.70178866276395e+000   -8.19909283711742e-001
-9.79921122586831e+000   -8.29896064845078e-001
-9.90078586888627e+000   -8.37015731903953e-001
-1.02016482425686e+001   -8.72703040339333e-001
-1.02991313316192e+001   -8.85077570052730e-001
-1.06001873883296e+001   -9.28405673944307e-001
-1.07018467676724e+001   -9.38868189015267e-001
-1.10029028243828e+001   -9.82196292906843e-001
-1.11004222290011e+001   -9.96003471768278e-001
-1.13974351525012e+001   -1.04649663717843e+000
-1.14990461110869e+001   -1.05504895338534e+000
-1.16986243662933e+001   -1.09507778794614e+000
-1.18003926923394e+001   -1.10983825046121e+000
-1.21015334853745e+001   -1.15650920236487e+000
-1.22032776010420e+001   -1.17031456544792e+000
-1.24997821065935e+001   -1.20075064278555e+000
-1.25970836178053e+001   -1.20596192675876e+000
-1.26986098400662e+001   -1.21117139495359e+000
-1.31000058104908e+001   -1.21290909487079e+000
-1.31971015334854e+001   -1.21000203367179e+000
-1.32983977571505e+001   -1.20613805726239e+000
-1.36991158369770e+001   -1.18113297308290e+000
-1.38002667983711e+001   -1.17153840008135e+000
-1.39015267064685e+001   -1.16624177452390e+000
-1.40993739196119e+001   -1.13798099969495e+000
-1.42006580380878e+001   -1.13363947356953e+000
-1.43017605787249e+001   -1.12213470170393e+000
-1.46009282259119e+001   -1.09096504989759e+000
-1.46979392125817e+001   -1.08471514068651e+000
-1.47990780687865e+001   -1.07464301796894e+000
-1.50980883485132e+001   -1.03726521985445e+000
-1.51992150995289e+001   -1.02671554742087e+000
-1.55023411436014e+001   -9.85037986083874e-001
-1.55992431835679e+001   -9.74490129428683e-001
-1.58980718854559e+001   -9.29949085574004e-001
-1.59990412690112e+001   -9.13191266832266e-001
-1.61969247977223e+001   -8.86363141151349e-001
-1.62003505662808e+001   -8.54843044116152e-001
-1.62995525922052e+001   -7.68362966836624e-001
-1.61973242689676e+001   -7.35455615113087e-001
-1.60995627605642e+001   -7.12097441931407e-001
-1.60021038818921e+001   -7.00678011650034e-001
-1.59002387143321e+001   -6.82097151406865e-001
-1.57991119633164e+001   -6.92646823840444e-001
-1.57985188090431e+001   -6.69246887755843e-001
-1.57009872992354e+001   -6.54962159178397e-001
-1.55993279198927e+001   -6.44499644107436e-001
-1.55020021983024e+001   -6.38333260702198e-001
-1.54004154500951e+001   -6.30736043927311e-001
-1.52987923863202e+001   -6.21706178004387e-001
-1.52015029802976e+001   -6.16972443747186e-001
-1.50999888632259e+001   -6.12240525268372e-001
-1.49984021150187e+001   -6.04643308493485e-001
-1.49011127089961e+001   -5.99909574236284e-001
-1.47995743815459e+001   -5.94222556325446e-001
-1.46980844748527e+001   -5.90445737278657e-001
-1.46007829636409e+001   -5.85234453305443e-001
-1.44991962154336e+001   -5.77637236530556e-001
-1.43978273606330e+001   -5.78635914643890e-001
-1.43004895338534e+001   -5.71991981522639e-001
-1.41989754167817e+001   -5.67260063043826e-001
-1.41017102211376e+001   -5.63481428218649e-001
-1.40001839988766e+001   -5.58271960023823e-001
-1.38986698818049e+001   -5.53540041545010e-001
-1.38013925809716e+001   -5.49283857003820e-001
-1.36998905690892e+001   -5.45029488241019e-001
-1.35984127675852e+001   -5.41730218910242e-001
-1.35011112563734e+001   -5.36518934937029e-001
-1.33996213496802e+001   -5.32742115890240e-001
-1.32981314429870e+001   -5.28965296843451e-001
-1.32008904577214e+001   -5.26141761450299e-001
-1.27991555419977e+001   -5.11032669484755e-001
-1.26976898456830e+001   -5.08210949869990e-001
-1.26004730707960e+001   -5.06342513908862e-001
-1.24989831641028e+001   -5.02565694862073e-001
-1.23975053625988e+001   -4.99266425531297e-001
-1.23003370084688e+001   -4.99308188434218e-001
-1.21988228913971e+001   -4.94576269955405e-001
-1.20973087743254e+001   -4.89844351476591e-001
-1.20000435786813e+001   -4.86065716651414e-001
-1.18985415667989e+001   -4.81811347888613e-001
-1.17971121860519e+001   -4.80422277421885e-001
-1.16998712007864e+001   -4.77598742028733e-001
-1.15983812940932e+001   -4.73821922981944e-001
-1.14969640185355e+001   -4.72910402231228e-001
-1.13997109280806e+001   -4.69609317122064e-001
-1.13024578376258e+001   -4.66308232012899e-001
-1.12010042465004e+001   -4.63964062114147e-001
-1.10995264449964e+001   -4.60664792783370e-001
-1.10023459856771e+001   -4.60229005970279e-001
-1.09008560789839e+001   -4.56452186923490e-001
-1.07994509086155e+001   -4.56018215888787e-001
-1.07022220285392e+001   -4.53672230211647e-001
-1.06007563322245e+001   -4.50850510596883e-001
-1.04992422151528e+001   -4.46118592118069e-001
-1.04020496506442e+001   -4.45205255588966e-001
-1.03006081647080e+001   -4.43338635406226e-001
-1.01991545735826e+001   -4.40994465507474e-001
-1.01019620090741e+001   -4.40081128978370e-001
-1.00005447335164e+001   -4.39169608227655e-001
-9.89905482682316e+000   -4.35392789180866e-001
-9.80175331561134e+000   -4.30181505207653e-001
-9.70037235562141e+000   -4.30702633604974e-001
-9.59891876449596e+000   -4.28358463706222e-001
-9.50170198960890e+000   -4.26490027745094e-001
