 9.59829059829060e+000    1.26987565182511e+000
 9.70085470085470e+000    1.27749699157641e+000
 9.79914529914530e+000    1.28912956277577e+000
 9.90170940170940e+000    1.29554753309266e+000
 1.00000000000000e+001    1.30397111913357e+000
 1.00982905982906e+001    1.31760930605696e+000
 1.02008547008547e+001    1.32482952266346e+000
 1.02991452991453e+001    1.33806658644204e+000
 1.04017094017094e+001    1.34127557160048e+000
 1.05000000000000e+001    1.35290814279984e+000
 1.05982905982906e+001    1.36093060569595e+000
 1.07008547008547e+001    1.37456879261933e+000
 1.07991452991453e+001    1.38459687123947e+000
 1.09017094017094e+001    1.39141596470116e+000
 1.10000000000000e+001    1.39903730445247e+000
 1.10982905982906e+001    1.41107099879663e+000
 1.12008547008547e+001    1.41789009225832e+000
 1.12991452991453e+001    1.42711592458885e+000
 1.14017094017094e+001    1.43513838748496e+000
 1.15000000000000e+001    1.44316085038107e+000
 1.15982905982906e+001    1.45479342158043e+000
 1.17008547008547e+001    1.45920577617329e+000
 1.17991452991453e+001    1.46722823906939e+000
 1.19017094017094e+001    1.47444845567589e+000
 1.20000000000000e+001    1.48126754913759e+000
 1.20982905982906e+001    1.49089450461292e+000
 1.22008547008547e+001    1.49610910549539e+000
 1.22991452991453e+001    1.50573606097072e+000
 1.24017094017094e+001    1.51175290814280e+000
 1.25000000000000e+001    1.51977537103891e+000
 1.25982905982906e+001    1.52659446450060e+000
 1.27008547008547e+001    1.53060569594866e+000
 1.27991452991453e+001    1.53782591255515e+000
 1.29017094017094e+001    1.54183714400321e+000
 1.30000000000000e+001    1.54584837545126e+000
 1.30982905982906e+001    1.55306859205776e+000
 1.32008547008547e+001    1.55707982350582e+000
 1.32991452991453e+001    1.56750902527076e+000
 1.33517094017094e+001    1.56389891696751e+000
 1.34017094017094e+001    1.57111913357401e+000
 1.35000000000000e+001    1.57472924187726e+000
 1.35982905982906e+001    1.58154833533895e+000
 1.37008547008547e+001    1.58555956678700e+000
 1.37991452991453e+001    1.59318090653831e+000
 1.39230769230769e+001    1.60000000000000e+000
 1.40769230769231e+001    1.60361010830325e+000
 1.41923076923077e+001    1.60722021660650e+000
 1.42991452991453e+001    1.61083032490975e+000
 1.44017094017094e+001    1.61203369434416e+000
 1.45000000000000e+001    1.61684717208183e+000
 1.45982905982906e+001    1.61724829522663e+000
 1.47008547008547e+001    1.61925391095066e+000
 1.47991452991453e+001    1.62045728038508e+000
 1.49017094017094e+001    1.61965503409547e+000
 1.50000000000000e+001    1.61684717208183e+000
 1.50982905982906e+001    1.61403931006819e+000
 1.52008547008547e+001    1.61083032490975e+000
 1.52991452991453e+001    1.60280786201364e+000
 1.54017094017094e+001    1.59719213798636e+000
 1.55000000000000e+001    1.58395507420778e+000
 1.55982905982906e+001    1.56590453269154e+000
 1.57008547008547e+001    1.55026073004412e+000
 1.57991452991453e+001    1.52057761732852e+000
 1.59017094017094e+001    1.49651022864019e+000
 1.60000000000000e+001    1.46562374649017e+000
 1.60982905982906e+001    1.41227436823105e+000
 1.62008547008547e+001    1.37176093060570e+000
 1.62991452991453e+001    1.32162053750501e+000
 1.64017094017094e+001    1.28912956277577e+000
 1.65000000000000e+001    1.22053750501404e+000
 1.65982905982906e+001    1.19446450060168e+000
 1.67008547008547e+001    1.18122743682310e+000
 1.66582905982906e+001    1.15595667870036e+000
 1.65982905982906e+001    1.13670276774970e+000
 1.62991452991453e+001    1.10742077817890e+000
 1.62008547008547e+001    1.10020056157240e+000
 1.60982905982906e+001    1.09498596068993e+000
 1.52008547008547e+001    1.07653429602888e+000
 1.50982905982906e+001    1.07653429602888e+000
 1.50000000000000e+001    1.07813878860810e+000
 1.49017094017094e+001    1.07653429602888e+000
 1.45000000000000e+001    1.07974328118732e+000
 1.44017094017094e+001    1.08255114320096e+000
 1.42991452991453e+001    1.08255114320096e+000
 1.39017094017094e+001    1.08896911351785e+000
 1.37991452991453e+001    1.09097472924188e+000
 1.37008547008547e+001    1.09338146811071e+000
 1.32991452991453e+001    1.10461291616526e+000
 1.32008547008547e+001    1.10661853188929e+000
 1.30982905982906e+001    1.11103088648215e+000
 1.27008547008547e+001    1.12466907340554e+000
 1.25982905982906e+001    1.12667468912956e+000
 1.25000000000000e+001    1.13269153630164e+000
 1.20982905982906e+001    1.14432410750100e+000
 1.20000000000000e+001    1.15074207781789e+000
 1.19017094017094e+001    1.14873646209386e+000
 1.15000000000000e+001    1.16357801845166e+000
 1.14017094017094e+001    1.16879261933414e+000
 1.12991452991453e+001    1.16879261933414e+000
 1.09017094017094e+001    1.17962294424388e+000
 1.07991452991453e+001    1.18042519053349e+000
 1.04017094017094e+001    1.18483754512635e+000
 1.02991452991453e+001    1.18403529883674e+000
 1.02008547008547e+001    1.18604091456077e+000
 1.00982905982906e+001    1.18283192940233e+000
 9.70085470085470e+000    1.17801845166466e+000
 9.59829059829060e+000    1.17681508223024e+000
 9.50000000000000e+000    1.17480946650622e+000
 9.09829059829060e+000    1.16077015643803e+000
 9.00000000000000e+000    1.15475330926594e+000
 8.88461538461539e+000    1.15234657039711e+000
 8.84615384615385e+000    1.14873646209386e+000
 8.69230769230769e+000    1.14151624548736e+000
 8.53846153846154e+000    1.13790613718412e+000
 8.42307692307692e+000    1.13068592057762e+000
 8.30769230769231e+000    1.11985559566787e+000
 8.20085470085470e+000    1.11343762535098e+000
 8.09829059829060e+000    1.10541516245487e+000
 8.00000000000000e+000    1.09137585238668e+000
 7.90170940170940e+000    1.08094665062174e+000
 7.79914529914530e+000    1.07372643401524e+000
 7.70085470085470e+000    1.06209386281588e+000
 7.59829059829060e+000    1.05808263136783e+000
 7.50000000000000e+000    1.04444444444444e+000
 7.40170940170940e+000    1.03321299638989e+000
 7.29914529914530e+000    1.02238267148014e+000
 7.20085470085470e+000    1.01516245487365e+000
 7.09829059829060e+000    1.00433212996390e+000
 6.90170940170940e+000    9.84677095868432e-001
 6.79914529914530e+000    9.78660248696350e-001
 6.70085470085470e+000    9.69835539510630e-001
 6.59829059829060e+000    9.67428800641797e-001
 6.50000000000000e+000    9.57400722021661e-001
 6.40170940170940e+000    9.38146811070999e-001
 6.20085470085470e+000    9.20096269554753e-001
 6.00000000000000e+000    9.00441235459286e-001
 5.90170940170940e+000    8.90012033694344e-001
 5.79914529914530e+000    8.79181708784597e-001
 5.70085470085470e+000    8.70356999598877e-001
 5.59829059829060e+000    8.62735659847573e-001
 5.50000000000000e+000    8.49899719213799e-001
 5.40170940170940e+000    8.38267148014440e-001
 5.34615384615385e+000    8.31046931407942e-001
 5.30769230769231e+000    8.23826714801444e-001
 5.19230769230769e+000    8.12996389891697e-001
 5.00000000000000e+000    7.98555956678700e-001
 4.84615384615385e+000    7.84115523465704e-001
 4.76923076923077e+000    7.73285198555957e-001
 4.65384615384615e+000    7.55234657039711e-001
 4.53846153846154e+000    7.44404332129964e-001
 4.34615384615385e+000    7.29963898916967e-001
 4.19230769230769e+000    7.15523465703971e-001
 4.11538461538462e+000    7.04693140794224e-001
 4.03846153846154e+000    6.93862815884477e-001
 3.90170940170940e+000    6.75812274368231e-001
 3.79914529914530e+000    6.68592057761733e-001
 3.59829059829060e+000    6.50541516245487e-001
 3.50000000000000e+000    6.39711191335740e-001
 3.40170940170940e+000    6.24468511833133e-001
 3.29914529914530e+000    6.14440433212996e-001
 3.20085470085470e+000    6.10830324909747e-001
 3.09829059829060e+000    6.03208985158444e-001
 3.00000000000000e+000    5.92779783393502e-001
 2.90170940170940e+000    5.81949458483754e-001
 2.79914529914530e+000    5.74729241877256e-001
 2.75230769230769e+000    5.67509025270758e-001
 2.69230769230769e+000    5.78339350180505e-001
 2.76923076923077e+000    5.85559566787004e-001
 2.92307692307692e+000    6.00000000000000e-001
 3.03846153846154e+000    6.14440433212996e-001
 3.23076923076923e+000    6.28880866425993e-001
 3.46153846153846e+000    6.54151624548736e-001
 3.61538461538462e+000    6.68592057761733e-001
 3.88461538461538e+000    7.01083032490975e-001
 4.11538461538462e+000    7.26353790613718e-001
 4.34615384615385e+000    7.44404332129964e-001
 4.42307692307692e+000    7.55234657039711e-001
 4.53846153846154e+000    7.66064981949458e-001
 4.61538461538462e+000    7.76895306859206e-001
 4.88461538461539e+000    8.05776173285199e-001
 5.00000000000000e+000    8.22623345367028e-001
 5.09829059829060e+000    8.30244685118331e-001
 5.20085470085470e+000    8.38267148014440e-001
 5.29914529914530e+000    8.53509827517048e-001
 5.40170940170940e+000    8.61131167268351e-001
 5.50000000000000e+000    8.72362615322904e-001
 5.59829059829060e+000    8.82791817087846e-001
 5.70085470085470e+000    8.85599679101484e-001
 5.79914529914530e+000    8.98435619735259e-001
 5.90170940170940e+000    9.11672683513839e-001
 6.00000000000000e+000    9.22904131568391e-001
 6.09829059829060e+000    9.23305254713197e-001
 6.20085470085470e+000    9.38949057360610e-001
 6.34615384615385e+000    9.46570397111913e-001
 6.53846153846154e+000    9.68231046931408e-001
 6.69230769230769e+000    9.79061371841155e-001
 6.84615384615385e+000    9.93501805054152e-001
 7.09829059829060e+000    1.02158042519053e+000
 7.20085470085470e+000    1.02839951865223e+000
 7.29914529914530e+000    1.03842759727236e+000
 7.40170940170940e+000    1.04604893702367e+000
 7.50000000000000e+000    1.06008824709186e+000
 7.59829059829060e+000    1.07172081829122e+000
 7.70085470085470e+000    1.08736462093863e+000
 7.79914529914530e+000    1.09739269955876e+000
 7.90170940170940e+000    1.10621740874448e+000
 8.00000000000000e+000    1.11143200962696e+000
 8.09829059829060e+000    1.12226233453670e+000
 8.15829059829060e+000    1.13068592057762e+000
 8.20085470085470e+000    1.13670276774970e+000
 8.29914529914530e+000    1.14632972322503e+000
 8.40170940170940e+000    1.14873646209386e+000
 8.50000000000000e+000    1.16117127958283e+000
 8.59829059829060e+000    1.17119935820297e+000
 8.70085470085470e+000    1.17601283594063e+000
 8.79914529914530e+000    1.19486562374649e+000
 8.90170940170940e+000    1.20128359406338e+000
 9.00000000000000e+000    1.21131167268351e+000
 9.09829059829060e+000    1.21411953469715e+000
 9.20085470085470e+000    1.22294424388287e+000
 9.29914529914530e+000    1.24099478539912e+000
 9.40170940170940e+000    1.24781387886081e+000
 9.50000000000000e+000    1.26105094263939e+000
