-9.39797211660330e+000   -4.77392218717140e-001
-9.30080270384453e+000   -4.73186119873817e-001
-9.19940853400929e+000   -4.69330529267438e-001
-9.09801436417406e+000   -4.66876971608833e-001
-9.00084495141529e+000   -4.64773922187171e-001
-8.89945078158006e+000   -4.61619348054679e-001
-8.79805661174482e+000   -4.55660708026639e-001
-8.70088719898606e+000   -4.55310199789695e-001
-8.59949302915082e+000   -4.52506133894147e-001
-8.49809885931559e+000   -4.46196985629162e-001
-8.40092944655682e+000   -4.44444444444444e-001
-8.29953527672159e+000   -4.40588853838065e-001
-8.19814110688635e+000   -4.36382754994742e-001
-8.10097169412759e+000   -4.37083771468630e-001
-7.99957752429235e+000   -4.30073606729758e-001
-7.89818335445712e+000   -4.27269540834210e-001
-7.80101394169835e+000   -4.25867507886435e-001
-7.69961977186312e+000   -4.20609884332282e-001
-7.59822560202788e+000   -4.18156326673677e-001
-7.50105618926912e+000   -4.15352260778128e-001
-7.39966201943388e+000   -4.12548194882580e-001
-7.29826784959865e+000   -4.07290571328426e-001
-7.20109843683988e+000   -4.05888538380652e-001
-7.09970426700465e+000   -4.02383456011216e-001
-6.99831009716941e+000   -3.99579390115668e-001
-6.90114068441065e+000   -3.96074307746232e-001
-6.79974651457541e+000   -3.91517700665966e-001
-6.69835234474018e+000   -3.86961093585699e-001
-6.60118293198141e+000   -3.83105502979320e-001
-6.48288973384030e+000   -3.78548895899054e-001
-6.29277566539924e+000   -3.69085173501577e-001
-6.10266159695817e+000   -3.59621451104101e-001
-5.89987325728771e+000   -3.51910269891342e-001
-5.79847908745247e+000   -3.44549596915528e-001
-5.70130967469371e+000   -3.37539432176656e-001
-5.59991550485847e+000   -3.34384858044164e-001
-5.49852133502324e+000   -3.25622152120575e-001
-5.40135192226447e+000   -3.21065545040308e-001
-5.29995775242923e+000   -3.13704872064493e-001
-5.10139416983523e+000   -3.00035050823694e-001
-4.89860583016477e+000   -2.83911671924290e-001
-4.80143641740600e+000   -2.76901507185419e-001
-4.70004224757076e+000   -2.70592358920435e-001
-4.59864807773553e+000   -2.57623554153523e-001
-4.29869032530630e+000   -2.33438485804416e-001
-4.20152091254753e+000   -2.23974763406940e-001
-4.08745247148289e+000   -2.17665615141956e-001
-3.93536121673004e+000   -1.98738170347003e-001
-3.78326996197719e+000   -1.86119873817035e-001
-3.63117870722433e+000   -1.70347003154574e-001
-3.47908745247148e+000   -1.54574132492114e-001
-3.36501901140684e+000   -1.41955835962145e-001
-3.13688212927757e+000   -1.19873817034700e-001
-3.06083650190114e+000   -1.07255520504732e-001
-2.87072243346008e+000   -8.83280757097792e-002
-2.75665399239544e+000   -7.25552050473186e-002
-2.70173215040135e+000   -6.69470732562215e-002
-2.60456273764259e+000   -5.36277602523659e-002
-2.60033798056612e+000   -5.08236943568174e-002
-2.49894381073088e+000   -3.89064143007360e-002
-2.49049429657795e+000   -2.83911671924291e-002
-2.68060836501901e+000   -4.41640378548895e-002
-2.79467680608365e+000   -5.36277602523659e-002
-3.00168990283059e+000   -8.02663862600771e-002
-3.09885931558935e+000   -8.83280757097792e-002
-3.17490494296578e+000   -9.77917981072555e-002
-3.39881706801859e+000   -1.20574833508587e-001
-3.60160540768906e+000   -1.46512443042412e-001
-3.69877482044782e+000   -1.54924640729057e-001
-3.82129277566540e+000   -1.70347003154574e-001
-3.93536121673004e+000   -1.89274447949527e-001
-4.04942965779468e+000   -1.98738170347003e-001
-4.16349809885931e+000   -2.08201892744480e-001
-4.23954372623574e+000   -2.17665615141956e-001
-4.46768060836502e+000   -2.39747634069401e-001
-4.54372623574145e+000   -2.46056782334385e-001
-4.65779467680608e+000   -2.58675078864353e-001
-4.84790874524715e+000   -2.74447949526814e-001
-5.00000000000000e+000   -2.90220820189274e-001
-5.19856358259400e+000   -3.13354363827550e-001
-5.29995775242923e+000   -3.28075709779180e-001
-5.49852133502324e+000   -3.53312302839117e-001
-5.59991550485847e+000   -3.62425516999650e-001
-5.70130967469371e+000   -3.68734665264634e-001
-6.19983100971694e+000   -4.26919032597266e-001
-6.30122517955218e+000   -4.36032246757799e-001
-6.69835234474018e+000   -4.84051875219068e-001
-6.99831009716941e+000   -5.20504731861199e-001
-7.09970426700465e+000   -5.29968454258675e-001
-7.28136882129277e+000   -5.45741324921136e-001
-7.39966201943388e+000   -5.62565720294427e-001
-7.62357414448669e+000   -5.86750788643533e-001
-7.80101394169835e+000   -6.06729758149317e-001
-8.00380228136882e+000   -6.27760252365931e-001
-8.19814110688635e+000   -6.50543287767263e-001
-8.38403041825095e+000   -6.71924290220820e-001
-8.49809885931559e+000   -6.90851735015773e-001
-8.59949302915082e+000   -7.00315457413249e-001
-8.72623574144487e+000   -7.22397476340694e-001
-8.89945078158006e+000   -7.40273396424816e-001
-9.03041825095057e+000   -7.57097791798107e-001
-9.19940853400929e+000   -7.76025236593060e-001
-9.30080270384453e+000   -7.89695057833859e-001
-9.41064638783270e+000   -8.04416403785489e-001
-9.60076045627376e+000   -8.28951980371539e-001
-9.90071820870300e+000   -8.65404837013670e-001
-9.99788762146177e+000   -8.73817034700315e-001
-1.02006759611322e+001   -9.00105152471083e-001
-1.03020701309675e+001   -9.03960743077462e-001
-1.03992395437262e+001   -9.14826498422713e-001
-1.05513307984791e+001   -9.30599369085173e-001
-1.06991972961555e+001   -9.46722747984578e-001
-1.08005914659907e+001   -9.53031896249562e-001
-1.09695817490494e+001   -9.65299684542587e-001
-1.12019433882552e+001   -9.78969505783386e-001
-1.12991128010139e+001   -9.82124079915878e-001
-1.17004647232784e+001   -9.90536277602524e-001
-1.18018588931136e+001   -9.90886785839467e-001
-1.18990283058724e+001   -9.90185769365580e-001
-1.24017743979721e+001   -9.88433228180862e-001
-1.24989438107309e+001   -9.86680686996144e-001
-1.26003379805661e+001   -9.85278654048370e-001
-1.30016899028306e+001   -9.78618997546442e-001
-1.30988593155894e+001   -9.77216964598668e-001
-1.32002534854246e+001   -9.76165439887837e-001
-1.36016054076891e+001   -9.69155275148966e-001
-1.36987748204478e+001   -9.66701717490361e-001
-1.38001689902831e+001   -9.66701717490361e-001
-1.42015209125475e+001   -9.56536978618998e-001
-1.42986903253063e+001   -9.52330879775675e-001
-1.44000844951415e+001   -9.51629863301788e-001
-1.47000422475708e+001   -9.33753943217666e-001
-1.48014364174060e+001   -9.32001402032948e-001
-1.48986058301648e+001   -9.28846827900456e-001
-1.51140684410646e+001   -9.14826498422713e-001
-1.52999577524292e+001   -9.07115317209954e-001
-1.54013519222645e+001   -9.01156677181914e-001
-1.56083650190114e+001   -8.86435331230284e-001
-1.57984790874525e+001   -8.68909919383105e-001
-1.59505703422053e+001   -8.45425867507886e-001
-1.60984368398817e+001   -8.21591307395724e-001
-1.62167300380228e+001   -8.01261829652997e-001
-1.62927756653992e+001   -7.82334384858044e-001
-1.63012251795522e+001   -7.55695758850333e-001
-1.61998310097169e+001   -7.46232036452857e-001
-1.60984368398817e+001   -7.28356116368735e-001
-1.60012674271229e+001   -7.11882229232387e-001
-1.58998732572877e+001   -6.97511391517701e-001
-1.57224334600760e+001   -6.84542586750789e-001
-1.55323193916350e+001   -6.71924290220820e-001
-1.53802281368821e+001   -6.62460567823344e-001
-1.52281368821293e+001   -6.56151419558360e-001
-1.50000000000000e+001   -6.46687697160883e-001
-1.47000422475708e+001   -6.37223974763407e-001
-1.45986480777355e+001   -6.31615842972310e-001
-1.45014786649768e+001   -6.28811777076761e-001
-1.44000844951415e+001   -6.21451104100946e-001
-1.42986903253063e+001   -6.20399579390116e-001
-1.42015209125475e+001   -6.18997546442341e-001
-1.41001267427123e+001   -6.16543988783736e-001
-1.39987325728771e+001   -6.11636873466527e-001
-1.39015631601183e+001   -6.04977216964599e-001
-1.38001689902831e+001   -6.01472134595163e-001
-1.36987748204478e+001   -6.01121626358219e-001
-1.36016054076891e+001   -5.97967052225727e-001
-1.35002112378538e+001   -5.95162986330179e-001
-1.33988170680186e+001   -5.88853838065195e-001
-1.33016476552598e+001   -5.86400280406590e-001
-1.32002534854246e+001   -5.84998247458815e-001
-1.30988593155894e+001   -5.82194181563267e-001
-1.30016899028306e+001   -5.79039607430775e-001
-1.29002957329954e+001   -5.77287066246057e-001
-1.27989015631601e+001   -5.73080967402734e-001
-1.27017321504014e+001   -5.69225376796355e-001
-1.26003379805661e+001   -5.69575885033298e-001
-1.24989438107309e+001   -5.62565720294427e-001
-1.24017743979721e+001   -5.59060637924991e-001
-1.23003802281369e+001   -5.57658604977217e-001
-1.21989860583016e+001   -5.55906063792499e-001
-1.21018166455429e+001   -5.53452506133894e-001
-1.20004224757076e+001   -5.47493866105853e-001
-1.18990283058724e+001   -5.47143357868910e-001
-1.18018588931136e+001   -5.43988783736418e-001
-1.17004647232784e+001   -5.40133193130039e-001
-1.15990705534432e+001   -5.38731160182264e-001
-1.15019011406844e+001   -5.34525061338941e-001
-1.14005069708492e+001   -5.31720995443393e-001
-1.12991128010139e+001   -5.30669470732562e-001
-1.12019433882552e+001   -5.28215913073957e-001
-1.11005492184199e+001   -5.24360322467578e-001
-1.09991550485847e+001   -5.21906764808973e-001
-1.09019856358259e+001   -5.17700665965650e-001
-1.08005914659907e+001   -5.15597616543989e-001
-1.06991972961555e+001   -5.12443042411497e-001
-1.06020278833967e+001   -5.08937960042061e-001
-1.05006337135615e+001   -5.09288468279005e-001
-1.03992395437262e+001   -5.05082369435682e-001
-1.03020701309675e+001   -5.00525762355415e-001
-1.02006759611322e+001   -4.97721696459867e-001
-1.00992817912970e+001   -4.97020679985980e-001
-9.99788762146177e+000   -4.93515597616544e-001
-9.90071820870300e+000   -4.90361023484052e-001
-9.79932403886776e+000   -4.87206449351560e-001
-9.69792986903253e+000   -4.85453908166842e-001
-9.60076045627376e+000   -4.82649842271293e-001
-9.49936628643853e+000   -4.78093235191027e-001
