 9.59829059829060e+000    1.23537906137184e+000
 9.70085470085470e+000    1.24099478539912e+000
 9.79914529914530e+000    1.25302847974328e+000
 9.90170940170940e+000    1.25824308062575e+000
 1.00000000000000e+001    1.26987565182511e+000
 1.00982905982906e+001    1.27990373044525e+000
 1.02008547008547e+001    1.28471720818291e+000
 1.02991452991453e+001    1.29715202567188e+000
 1.04017094017094e+001    1.30397111913357e+000
 1.05000000000000e+001    1.31399919775371e+000
 1.05982905982906e+001    1.32482952266346e+000
 1.07008547008547e+001    1.33124749298034e+000
 1.07991452991453e+001    1.34087444845568e+000
 1.09017094017094e+001    1.34969915764140e+000
 1.10000000000000e+001    1.35812274368231e+000
 1.10982905982906e+001    1.36895306859206e+000
 1.12008547008547e+001    1.37577216205375e+000
 1.12991452991453e+001    1.38620136381869e+000
 1.14017094017094e+001    1.39221821099077e+000
 1.15000000000000e+001    1.40144404332130e+000
 1.15982905982906e+001    1.41227436823105e+000
 1.17008547008547e+001    1.41869233854793e+000
 1.17991452991453e+001    1.42831929402327e+000
 1.19017094017094e+001    1.43393501805054e+000
 1.20000000000000e+001    1.44476534296029e+000
 1.20982905982906e+001    1.45238668271159e+000
 1.22008547008547e+001    1.45920577617329e+000
 1.22991452991453e+001    1.46883273164862e+000
 1.24017094017094e+001    1.47444845567589e+000
 1.25000000000000e+001    1.48487765744083e+000
 1.25982905982906e+001    1.49450461291617e+000
 1.27008547008547e+001    1.49971921379864e+000
 1.27991452991453e+001    1.50934616927397e+000
 1.29017094017094e+001    1.51536301644605e+000
 1.30000000000000e+001    1.52418772563177e+000
 1.30982905982906e+001    1.53261131167268e+000
 1.32008547008547e+001    1.54063377456879e+000
 1.32991452991453e+001    1.54905736060971e+000
 1.34017094017094e+001    1.55467308463698e+000
 1.35000000000000e+001    1.56229442438829e+000
 1.35982905982906e+001    1.56871239470517e+000
 1.37008547008547e+001    1.57593261131167e+000
 1.37991452991453e+001    1.58515844364220e+000
 1.39017094017094e+001    1.58997192137986e+000
 1.40000000000000e+001    1.59799438427597e+000
 1.40982905982906e+001    1.60401123144805e+000
 1.42008547008547e+001    1.60922583233053e+000
 1.42991452991453e+001    1.61644604893702e+000
 1.44017094017094e+001    1.62406738868833e+000
 1.45000000000000e+001    1.62888086642599e+000
 1.45982905982906e+001    1.63650220617730e+000
 1.47008547008547e+001    1.63971119133574e+000
 1.47991452991453e+001    1.64492579221821e+000
 1.49017094017094e+001    1.65014039310068e+000
 1.50000000000000e+001    1.65655836341757e+000
 1.50982905982906e+001    1.66137184115523e+000
 1.52008547008547e+001    1.66337745687926e+000
 1.52991452991453e+001    1.66819093461693e+000
 1.54017094017094e+001    1.67019655034095e+000
 1.55000000000000e+001    1.67420778178901e+000
 1.55982905982906e+001    1.67741676694745e+000
 1.57008547008547e+001    1.67821901323706e+000
 1.57991452991453e+001    1.67982350581629e+000
 1.59017094017094e+001    1.67821901323706e+000
 1.60000000000000e+001    1.67621339751304e+000
 1.60982905982906e+001    1.67019655034095e+000
 1.62008547008547e+001    1.66417970316887e+000
 1.62991452991453e+001    1.64853590052146e+000
 1.64017094017094e+001    1.63128760529483e+000
 1.65000000000000e+001    1.59438427597272e+000
 1.65269230769231e+001    1.56750902527076e+000
 1.65469230769231e+001    1.54223826714801e+000
 1.65669230769231e+001    1.51335740072202e+000
 1.65469230769231e+001    1.48808664259928e+000
 1.65269230769231e+001    1.47003610108303e+000
 1.65000000000000e+001    1.42069795427196e+000
 1.64615384615385e+001    1.40505415162455e+000
 1.64017094017094e+001    1.36373846770959e+000
 1.62991452991453e+001    1.34729241877256e+000
 1.62008547008547e+001    1.29835539510630e+000
 1.60000000000000e+001    1.24259927797834e+000
 1.57991452991453e+001    1.19887685519454e+000
 1.57008547008547e+001    1.18363417569194e+000
 1.55000000000000e+001    1.14673084636984e+000
 1.54017094017094e+001    1.13630164460489e+000
 1.52008547008547e+001    1.11263537906137e+000
 1.50982905982906e+001    1.10501403931007e+000
 1.50000000000000e+001    1.09338146811071e+000
 1.47008547008547e+001    1.06690734055355e+000
 1.45982905982906e+001    1.05968712394705e+000
 1.45000000000000e+001    1.05326915363016e+000
 1.42008547008547e+001    1.03481748896911e+000
 1.40982905982906e+001    1.02599277978339e+000
 1.37008547008547e+001    1.00232651423987e+000
 1.35982905982906e+001    9.99117529081428e-001
 1.35000000000000e+001    9.93100681909346e-001
 1.30982905982906e+001    9.81066987565183e-001
 1.30000000000000e+001    9.77456879261933e-001
 1.29017094017094e+001    9.73846770958684e-001
 1.25000000000000e+001    9.62615322904132e-001
 1.24017094017094e+001    9.59807460890493e-001
 1.22991452991453e+001    9.61010830324910e-001
 1.20000000000000e+001    9.55796229442439e-001
 1.19017094017094e+001    9.53790613718412e-001
 1.17991452991453e+001    9.49779382270357e-001
 1.15000000000000e+001    9.44965904532691e-001
 1.14017094017094e+001    9.44564781387886e-001
 1.12991452991453e+001    9.48576012835941e-001
 1.09017094017094e+001    9.44965904532691e-001
 1.07991452991453e+001    9.44163658243081e-001
 1.07008547008547e+001    9.40954673084637e-001
 1.02991452991453e+001    9.44564781387886e-001
 1.02008547008547e+001    9.44564781387886e-001
 1.00982905982906e+001    9.40954673084637e-001
 9.70085470085470e+000    9.40553549939831e-001
 9.59829059829060e+000    9.43361411953470e-001
 9.50000000000000e+000    9.42559165663859e-001
 9.09829059829060e+000    9.37745687926193e-001
 9.00000000000000e+000    9.36542318491777e-001
 8.90170940170940e+000    9.37344564781388e-001
 8.50000000000000e+000    9.33734456478139e-001
 8.40170940170940e+000    9.30124348174890e-001
 8.29914529914530e+000    9.26915363016446e-001
 7.90170940170940e+000    9.22904131568391e-001
 7.79914529914530e+000    9.19294023265142e-001
 7.70085470085470e+000    9.16085038106699e-001
 7.29914529914530e+000    9.05254713196952e-001
 7.20085470085470e+000    9.01243481748897e-001
 7.09829059829060e+000    9.00441235459286e-001
 6.70085470085470e+000    8.81588447653430e-001
 6.59829059829060e+000    8.79983955074208e-001
 6.50000000000000e+000    8.76373846770959e-001
 6.20085470085470e+000    8.57922182109908e-001
 6.09829059829060e+000    8.54312073806659e-001
 6.00000000000000e+000    8.47492980344966e-001
 5.70085470085470e+000    8.23826714801444e-001
 5.59829059829060e+000    8.21821099077417e-001
 5.50000000000000e+000    8.16606498194946e-001
 5.38461538461539e+000    8.12996389891697e-001
 5.23076923076923e+000    8.02166064981949e-001
 5.11538461538462e+000    7.94945848375451e-001
 5.03846153846154e+000    7.87725631768953e-001
 4.73076923076923e+000    7.62454873646209e-001
 4.53846153846154e+000    7.48014440433213e-001
 4.38461538461539e+000    7.33574007220217e-001
 4.07692307692308e+000    7.08303249097473e-001
 3.96153846153846e+000    6.97472924187726e-001
 3.80769230769231e+000    6.83032490974729e-001
 3.61538461538462e+000    6.68592057761733e-001
 3.50000000000000e+000    6.57761732851986e-001
 3.26923076923077e+000    6.39711191335740e-001
 3.15384615384615e+000    6.25270758122744e-001
 3.07692307692308e+000    6.14440433212996e-001
 2.76923076923077e+000    5.96389891696751e-001
 2.57692307692308e+000    5.85559566787004e-001
 2.69230769230769e+000    5.81949458483754e-001
 2.88461538461538e+000    5.96389891696751e-001
 3.11538461538462e+000    6.10830324909747e-001
 3.23076923076923e+000    6.25270758122744e-001
 3.34615384615385e+000    6.36101083032491e-001
 3.53846153846154e+000    6.54151624548736e-001
 3.65384615384615e+000    6.68592057761733e-001
 3.88461538461538e+000    6.86642599277978e-001
 4.07692307692308e+000    7.04693140794224e-001
 4.26923076923077e+000    7.26353790613718e-001
 4.46153846153846e+000    7.44404332129964e-001
 4.65384615384615e+000    7.62454873646209e-001
 4.88461538461539e+000    7.80505415162455e-001
 5.11538461538462e+000    8.02166064981949e-001
 5.20085470085470e+000    8.09787404733253e-001
 5.29914529914530e+000    8.21821099077417e-001
 5.40170940170940e+000    8.27035699959888e-001
 5.50000000000000e+000    8.37063778580024e-001
 5.59829059829060e+000    8.50701965503410e-001
 5.70085470085470e+000    8.57521058965102e-001
 5.79914529914530e+000    8.68351383874850e-001
 5.90170940170940e+000    8.75972723626153e-001
 6.00000000000000e+000    8.88407541115122e-001
 6.09829059829060e+000    8.99638989169675e-001
 6.20085470085470e+000    9.06859205776173e-001
 6.29914529914530e+000    9.15683914961893e-001
 6.40170940170940e+000    9.24107501002808e-001
 6.50000000000000e+000    9.36141195346971e-001
 6.59829059829060e+000    9.48576012835941e-001
 6.70085470085470e+000    9.56598475732050e-001
 6.79914529914530e+000    9.65824308062575e-001
 6.90170940170940e+000    9.73445647813879e-001
 7.00000000000000e+000    9.85078219013237e-001
 7.09829059829060e+000    9.95908543922984e-001
 7.20085470085470e+000    1.00312876052948e+000
 7.29914529914530e+000    1.01436020858404e+000
 7.40170940170940e+000    1.02117930204573e+000
 7.50000000000000e+000    1.03200962695548e+000
 7.59829059829060e+000    1.04404332129964e+000
 7.70085470085470e+000    1.05126353790614e+000
 7.79914529914530e+000    1.06369835539511e+000
 7.90170940170940e+000    1.06971520256719e+000
 8.00000000000000e+000    1.08174889691135e+000
 8.09829059829060e+000    1.09137585238668e+000
 8.20085470085470e+000    1.09939831528279e+000
 8.29914529914530e+000    1.10982751704773e+000
 8.40170940170940e+000    1.11865222623345e+000
 8.50000000000000e+000    1.12707581227437e+000
 8.59829059829060e+000    1.13991175290814e+000
 8.70085470085470e+000    1.14753309265945e+000
 8.79914529914530e+000    1.15916566385880e+000
 8.90170940170940e+000    1.16638588046530e+000
 9.00000000000000e+000    1.17721620537505e+000
 9.09829059829060e+000    1.18764540713999e+000
 9.20085470085470e+000    1.19486562374649e+000
 9.29914529914530e+000    1.20529482551143e+000
 9.40170940170940e+000    1.21331728840754e+000
 9.50000000000000e+000    1.22374649017248e+000
