 9.60130718954248e+000    1.34433221099888e+000
 9.70152505446623e+000    1.35645342312009e+000
 9.80174291938998e+000    1.36228956228956e+000
 9.90196078431373e+000    1.37216610549944e+000
 1.00021786492375e+001    1.38428731762065e+000
 1.00980392156863e+001    1.39012345679012e+000
 1.01982570806100e+001    1.40134680134680e+000
 1.02984749455338e+001    1.40852974186308e+000
 1.03986928104575e+001    1.42065095398429e+000
 1.04989106753813e+001    1.42873176206510e+000
 1.05991285403050e+001    1.43815937149271e+000
 1.06993464052288e+001    1.44489337822671e+000
 1.07995642701525e+001    1.45701459034792e+000
 1.08997821350763e+001    1.46285072951740e+000
 1.10000000000000e+001    1.47227833894501e+000
 1.11002178649237e+001    1.48125701459035e+000
 1.12004357298475e+001    1.48799102132435e+000
 1.13006535947712e+001    1.49292929292929e+000
 1.14008714596950e+001    1.50460157126824e+000
 1.15010893246187e+001    1.51268237934905e+000
 1.16013071895425e+001    1.51806958473625e+000
 1.17015250544662e+001    1.52794612794613e+000
 1.18017429193900e+001    1.53512906846240e+000
 1.19019607843137e+001    1.54320987654321e+000
 1.20021786492375e+001    1.55039281705948e+000
 1.20980392156863e+001    1.55982042648709e+000
 1.21982570806100e+001    1.56924803591470e+000
 1.22984749455338e+001    1.57283950617284e+000
 1.23986928104575e+001    1.57912457912458e+000
 1.24989106753813e+001    1.58585858585859e+000
 1.25991285403050e+001    1.59528619528620e+000
 1.26993464052288e+001    1.60246913580247e+000
 1.27995642701525e+001    1.61099887766554e+000
 1.28997821350763e+001    1.61638608305275e+000
 1.30000000000000e+001    1.62760942760943e+000
 1.31002178649237e+001    1.63838383838384e+000
 1.32004357298475e+001    1.64287317620651e+000
 1.33006535947712e+001    1.65185185185185e+000
 1.34008714596950e+001    1.65903479236813e+000
 1.35010893246187e+001    1.66756453423120e+000
 1.36013071895425e+001    1.67474747474748e+000
 1.37015250544662e+001    1.67878787878788e+000
 1.40021786492375e+001    1.70347923681257e+000
 1.40980392156863e+001    1.70751964085297e+000
 1.41982570806100e+001    1.71829405162739e+000
 1.42984749455338e+001    1.72233445566779e+000
 1.43986928104575e+001    1.72772166105499e+000
 1.44989106753813e+001    1.73221099887767e+000
 1.45991285403050e+001    1.74208754208754e+000
 1.46993464052288e+001    1.74523007856341e+000
 1.47995642701525e+001    1.75016835016835e+000
 1.48997821350763e+001    1.75331088664422e+000
 1.50000000000000e+001    1.75914702581369e+000
 1.51002178649237e+001    1.76049382716049e+000
 1.52004357298475e+001    1.76498316498317e+000
 1.53006535947712e+001    1.76767676767677e+000
 1.54008714596950e+001    1.77037037037037e+000
 1.55010893246187e+001    1.77261503928171e+000
 1.56013071895425e+001    1.77396184062851e+000
 1.57015250544662e+001    1.77441077441077e+000
 1.58017429193900e+001    1.77530864197531e+000
 1.59019607843137e+001    1.77396184062851e+000
 1.60021786492375e+001    1.76902356902357e+000
 1.60980392156863e+001    1.76677890011223e+000
 1.61982570806100e+001    1.75151515151515e+000
 1.62984749455338e+001    1.71515151515152e+000
 1.63986928104575e+001    1.70437710437710e+000
 1.64989106753813e+001    1.66666666666667e+000
 1.65294117647059e+001    1.63838383838384e+000
 1.65686274509804e+001    1.61818181818182e+000
 1.66070588235294e+001    1.58181818181818e+000
 1.66470588235294e+001    1.55757575757576e+000
 1.66078431372549e+001    1.52929292929293e+000
 1.65886274509804e+001    1.50505050505051e+000
 1.65686274509804e+001    1.48080808080808e+000
 1.65294117647059e+001    1.46464646464647e+000
 1.64509803921569e+001    1.42020202020202e+000
 1.63986928104575e+001    1.40359147025814e+000
 1.63725490196078e+001    1.38787878787879e+000
 1.62941176470588e+001    1.35151515151515e+000
 1.62549019607843e+001    1.33939393939394e+000
 1.61764705882353e+001    1.32727272727273e+000
 1.60021786492375e+001    1.28282828282828e+000
 1.59411764705882e+001    1.27474747474747e+000
 1.56013071895425e+001    1.23254769921437e+000
 1.55010893246187e+001    1.22356902356902e+000
 1.51002178649237e+001    1.19932659932660e+000
 1.50000000000000e+001    1.19573512906846e+000
 1.44989106753813e+001    1.17867564534231e+000
 1.43986928104575e+001    1.17777777777778e+000
 1.42984749455338e+001    1.17777777777778e+000
 1.39019607843137e+001    1.17328843995511e+000
 1.38017429193900e+001    1.16969696969697e+000
 1.37015250544662e+001    1.16745230078563e+000
 1.33006535947712e+001    1.16206509539843e+000
 1.32004357298475e+001    1.16296296296296e+000
 1.31002178649237e+001    1.16161616161616e+000
 1.26993464052288e+001    1.16071829405163e+000
 1.25991285403050e+001    1.16026936026936e+000
 1.24989106753813e+001    1.16386083052750e+000
 1.23986928104575e+001    1.16565656565657e+000
 1.20021786492375e+001    1.16206509539843e+000
 1.19019607843137e+001    1.16161616161616e+000
 1.18017429193900e+001    1.16386083052750e+000
 1.14008714596950e+001    1.15578002244669e+000
 1.13006535947712e+001    1.15218855218855e+000
 1.12004357298475e+001    1.14904601571268e+000
 1.07995642701525e+001    1.13602693602694e+000
 1.06862745098039e+001    1.13333333333333e+000
 1.04901960784314e+001    1.12929292929293e+000
 1.01982570806100e+001    1.11313131313131e+000
 1.00980392156863e+001    1.11133557800224e+000
 1.00021786492375e+001    1.10729517396184e+000
 9.60130718954248e+000    1.08709315375982e+000
 9.50108932461874e+000    1.08260381593715e+000
 9.40087145969499e+000    1.07901234567901e+000
 9.00000000000000e+000    1.06195286195286e+000
 8.89978213507625e+000    1.05656565656566e+000
 8.79956427015251e+000    1.05252525252525e+000
 8.45098039215686e+000    1.04040404040404e+000
 8.37254901960784e+000    1.03232323232323e+000
 8.25490196078431e+000    1.02424242424242e+000
 7.94117647058824e+000    1.00404040404040e+000
 7.82352941176471e+000    1.00000000000000e+000
 7.70588235294118e+000    9.91919191919192e-001
 7.39215686274510e+000    9.71717171717172e-001
 7.23529411764706e+000    9.63636363636364e-001
 7.15686274509804e+000    9.59595959595960e-001
 6.76470588235294e+000    9.39393939393939e-001
 6.64705882352941e+000    9.31313131313131e-001
 6.56862745098039e+000    9.27272727272727e-001
 6.17647058823529e+000    9.03030303030303e-001
 6.09803921568627e+000    8.97643097643098e-001
 6.00217864923747e+000    8.94949494949495e-001
 5.70152505446623e+000    8.70707070707071e-001
 5.60130718954248e+000    8.59932659932660e-001
 5.50108932461874e+000    8.56341189674523e-001
 5.20043572984749e+000    8.37037037037037e-001
 5.10021786492375e+000    8.32996632996633e-001
 5.00000000000000e+000    8.23120089786756e-001
 4.59912854030501e+000    7.95286195286195e-001
 4.49891067538126e+000    7.88552188552189e-001
 4.39869281045752e+000    7.85858585858586e-001
 4.09803921568627e+000    7.63860830527497e-001
 4.00217864923747e+000    7.60269360269360e-001
 3.90196078431373e+000    7.53086419753086e-001
 3.60130718954248e+000    7.25252525252525e-001
 3.50108932461874e+000    7.17171717171717e-001
 3.40087145969499e+000    7.10886644219977e-001
 3.10021786492375e+000    6.84848484848485e-001
 2.59912854030501e+000    6.44444444444444e-001
 2.49891067538126e+000    6.44444444444444e-001
 2.59912854030501e+000    6.54769921436588e-001
 2.69934640522876e+000    6.59708193041526e-001
 2.79956427015251e+000    6.70482603815937e-001
 2.89978213507625e+000    6.73176206509540e-001
 3.00000000000000e+000    6.86195286195286e-001
 3.10021786492375e+000    6.98316498316498e-001
 3.30065359477124e+000    7.18967452300786e-001
 3.40087145969499e+000    7.27946127946128e-001
 3.50108932461874e+000    7.38720538720539e-001
 3.60130718954248e+000    7.45903479236813e-001
 3.70152505446623e+000    7.55331088664422e-001
 3.80174291938998e+000    7.63860830527497e-001
 4.00217864923747e+000    7.83164983164983e-001
 4.09803921568627e+000    7.89898989898990e-001
 4.19825708061002e+000    8.02918069584736e-001
 4.29847494553377e+000    8.12794612794613e-001
 4.39869281045752e+000    8.24466891133558e-001
 4.49891067538126e+000    8.29405162738496e-001
 4.59912854030501e+000    8.39730639730640e-001
 4.69934640522876e+000    8.49607182940516e-001
 4.79956427015251e+000    8.59483726150393e-001
 4.89978213507625e+000    8.70258136924804e-001
 5.00000000000000e+000    8.83726150392817e-001
 5.10021786492375e+000    8.94051627384961e-001
 5.20043572984749e+000    9.01234567901235e-001
 5.30065359477124e+000    9.14253647586981e-001
 5.40087145969499e+000    9.18294051627385e-001
 5.50108932461874e+000    9.33557800224467e-001
 5.60130718954248e+000    9.42536475869809e-001
 5.70152505446623e+000    9.53759820426487e-001
 5.80174291938998e+000    9.62289562289562e-001
 5.90196078431373e+000    9.74410774410774e-001
 6.00217864923747e+000    9.85185185185185e-001
 6.09803921568627e+000    9.94612794612795e-001
 6.19825708061002e+000    1.00673400673401e+000
 6.29847494553377e+000    1.01436588103255e+000
 6.39869281045752e+000    1.02873176206510e+000
 6.49891067538126e+000    1.03367003367003e+000
 6.59912854030501e+000    1.04713804713805e+000
 6.69934640522876e+000    1.05432098765432e+000
 6.79956427015251e+000    1.06734006734007e+000
 6.89978213507625e+000    1.07452300785634e+000
 7.00000000000000e+000    1.08619528619529e+000
 7.10021786492375e+000    1.10011223344557e+000
 7.20043572984750e+000    1.10953984287318e+000
 7.30065359477124e+000    1.12076318742985e+000
 7.40087145969499e+000    1.12884399551066e+000
 7.50108932461874e+000    1.14051627384961e+000
 7.60130718954248e+000    1.14949494949495e+000
 7.70152505446623e+000    1.16341189674523e+000
 7.80174291938998e+000    1.17149270482604e+000
 7.90196078431373e+000    1.18002244668911e+000
 8.00217864923747e+000    1.19618406285073e+000
 8.09803921568627e+000    1.20112233445567e+000
 8.19825708061002e+000    1.21234567901235e+000
 8.29847494553377e+000    1.22042648709315e+000
 8.39869281045752e+000    1.23434343434343e+000
 8.49891067538126e+000    1.23883277216611e+000
 8.59912854030501e+000    1.25095398428732e+000
 8.69934640522876e+000    1.25903479236813e+000
 8.79956427015251e+000    1.26936026936027e+000
 8.89978213507625e+000    1.27654320987654e+000
 9.00000000000000e+000    1.29001122334456e+000
 9.10021786492375e+000    1.30078563411897e+000
 9.20043572984750e+000    1.31021324354658e+000
 9.30065359477124e+000    1.31919191919192e+000
 9.40087145969499e+000    1.32413019079686e+000
 9.50108932461874e+000    1.33625140291807e+000
