-9.39814814814815e+000   -2.68087855297158e-001
-9.30041152263374e+000   -2.62919896640827e-001
-9.19753086419753e+000   -2.61627906976744e-001
-9.09979423868313e+000   -2.53229974160207e-001
-9.00205761316872e+000   -2.43540051679586e-001
-8.89917695473251e+000   -2.40956072351421e-001
-8.80144032921811e+000   -2.28682170542636e-001
-8.69855967078189e+000   -2.29328165374677e-001
-8.60082304526749e+000   -2.18992248062015e-001
-8.49794238683128e+000   -2.14470284237726e-001
-8.40020576131687e+000   -1.99612403100775e-001
-8.30246913580247e+000   -1.95090439276486e-001
-8.19958847736626e+000   -1.89276485788114e-001
-8.10185185185185e+000   -1.82816537467700e-001
-7.99897119341564e+000   -1.77002583979328e-001
-7.90123456790123e+000   -1.72480620155039e-001
-7.79835390946502e+000   -1.64082687338501e-001
-7.70061728395062e+000   -1.60206718346253e-001
-7.59773662551440e+000   -1.55038759689923e-001
-7.50000000000000e+000   -1.47932816537468e-001
-7.40226337448560e+000   -1.43410852713178e-001
-7.29938271604938e+000   -1.36950904392765e-001
-7.20164609053498e+000   -1.30490956072351e-001
-7.09876543209877e+000   -1.25322997416021e-001
-7.00102880658436e+000   -1.18217054263566e-001
-6.89814814814815e+000   -1.13049095607235e-001
-6.80041152263374e+000   -1.07881136950904e-001
-6.69753086419753e+000   -1.00775193798450e-001
-6.59979423868313e+000   -9.56072351421189e-002
-6.50205761316873e+000   -8.97932816537468e-002
-6.39917695473251e+000   -8.33333333333335e-002
-6.30144032921811e+000   -7.88113695090438e-002
-6.19855967078189e+000   -7.17054263565893e-002
-6.10082304526749e+000   -6.65374677002584e-002
-5.99794238683127e+000   -5.94315245478036e-002
-5.90020576131687e+000   -5.49095607235142e-002
-5.80246913580247e+000   -4.90956072351421e-002
-5.69958847736626e+000   -4.19896640826873e-002
-5.60185185185185e+000   -3.74677002583979e-002
-5.49897119341564e+000   -3.22997416020672e-002
-5.40123456790123e+000   -2.58397932816539e-002
-5.29835390946502e+000   -2.06718346253230e-002
-5.20061728395062e+000   -1.48578811369509e-002
-5.09773662551440e+000   -8.39793281653756e-003
-5.00000000000000e+000   -7.10594315245472e-003
-4.90226337448560e+000   -3.22997416020665e-003
-4.79938271604938e+000    3.22997416020687e-003
-4.70164609053498e+000    9.04392764857898e-003
-4.59876543209877e+000    7.75193798449614e-003
-4.50102880658436e+000    1.55038759689923e-002
-4.39814814814815e+000    1.67958656330751e-002
-4.30041152263374e+000    1.74418604651163e-002
-4.19753086419753e+000    1.93798449612403e-002
-4.09979423868313e+000    1.93798449612403e-002
-4.00205761316872e+000    2.06718346253227e-002
-3.89917695473251e+000    2.00258397932815e-002
-3.80144032921811e+000    2.00258397932815e-002
-3.69855967078189e+000    2.13178294573644e-002
-3.60082304526749e+000    2.00258397932815e-002
-3.49794238683128e+000    1.74418604651163e-002
-3.19958847736626e+000    1.29198966408268e-002
-3.10185185185185e+000    1.29198966408268e-002
-2.99897119341564e+000    1.09819121447030e-002
-2.90123456790123e+000    8.39793281653733e-003
-2.79835390946502e+000    5.16795865633091e-003
-2.70061728395062e+000    3.22997416020687e-003
-2.59773662551440e+000    0.00000000000000e+000
-2.50000000000000e+000   -3.22997416020665e-003
-2.40226337448560e+000   -3.61757105943152e-002
-2.50000000000000e+000   -4.84496124031009e-002
-2.59773662551440e+000   -6.71834625322996e-002
-2.70061728395062e+000   -1.13695090439276e-001
-2.79835390946502e+000   -1.24677002583979e-001
-2.90123456790123e+000   -1.33720930232558e-001
-3.10185185185185e+000   -1.68604651162791e-001
-3.19958847736626e+000   -1.77002583979328e-001
-3.30246913580247e+000   -1.84754521963824e-001
-3.60082304526749e+000   -2.24160206718346e-001
-3.69855967078189e+000   -2.33204134366925e-001
-3.80144032921811e+000   -2.41602067183463e-001
-4.09979423868313e+000   -2.75839793281654e-001
-4.19753086419753e+000   -2.86821705426357e-001
-4.30041152263374e+000   -2.90697674418605e-001
-4.59876543209877e+000   -3.26873385012920e-001
-4.70164609053498e+000   -3.44961240310077e-001
-5.00000000000000e+000   -3.80490956072352e-001
-5.09773662551440e+000   -3.84366925064600e-001
-5.20061728395062e+000   -3.94702842377261e-001
-5.49897119341564e+000   -4.29586563307494e-001
-5.60185185185185e+000   -4.36046511627907e-001
-5.69958847736626e+000   -4.46382428940568e-001
-5.99794238683127e+000   -4.79328165374677e-001
-6.10082304526749e+000   -4.89018087855297e-001
-6.19855967078189e+000   -4.98062015503876e-001
-6.50205761316873e+000   -5.29069767441860e-001
-6.59979423868313e+000   -5.40697674418605e-001
-6.69753086419753e+000   -5.51033591731266e-001
-7.00102880658436e+000   -5.78165374677003e-001
-7.09876543209877e+000   -5.84625322997416e-001
-7.20164609053498e+000   -5.94961240310077e-001
-7.50000000000000e+000   -6.27906976744186e-001
-7.59773662551440e+000   -6.30490956072351e-001
-7.70061728395062e+000   -6.38242894056848e-001
-7.99897119341564e+000   -6.68604651162791e-001
-8.10185185185185e+000   -6.76356589147287e-001
-8.19958847736626e+000   -6.83462532299742e-001
-8.60082304526749e+000   -7.21576227390181e-001
-8.69855967078189e+000   -7.29974160206718e-001
-8.80144032921811e+000   -7.32558139534884e-001
-9.09979423868313e+000   -7.64857881136951e-001
-9.19753086419753e+000   -7.75193798449612e-001
-9.30041152263374e+000   -7.79069767441860e-001
-9.59876543209877e+000   -8.08139534883721e-001
-9.70164609053498e+000   -8.18475452196382e-001
-9.79938271604938e+000   -8.26227390180879e-001
-1.00977366255144e+001   -8.54651162790698e-001
-1.02006172839506e+001   -8.58527131782946e-001
-1.02983539094650e+001   -8.62403100775194e-001
-1.06995884773663e+001   -9.04392764857881e-001
-1.08024691358025e+001   -9.16666666666667e-001
-1.13014403292181e+001   -9.49612403100775e-001
-1.13991769547325e+001   -9.58010335917313e-001
-1.15020576131687e+001   -9.61886304909561e-001
-1.15997942386831e+001   -9.94186046511628e-001
-1.16975308641975e+001   -9.96770025839793e-001
-1.18004115226337e+001   -1.00387596899225e+000
-1.18981481481481e+001   -1.01291989664083e+000
-1.22016460905350e+001   -1.04780361757106e+000
-1.22993827160494e+001   -1.06007751937985e+000
-1.24022633744856e+001   -1.07170542635659e+000
-1.27006172839506e+001   -1.09366925064599e+000
-1.27983539094650e+001   -1.10723514211886e+000
-1.31995884773663e+001   -1.14147286821705e+000
-1.33024691358025e+001   -1.15116279069767e+000
-1.34002057613169e+001   -1.15891472868217e+000
-1.36985596707819e+001   -1.19767441860465e+000
-1.38014403292181e+001   -1.20542635658915e+000
-1.38991769547325e+001   -1.20801033591731e+000
-1.41975308641975e+001   -1.23708010335917e+000
-1.43004115226337e+001   -1.25258397932817e+000
-1.43981481481481e+001   -1.25581395348837e+000
-1.47016460905350e+001   -1.29392764857881e+000
-1.47993827160494e+001   -1.30361757105943e+000
-1.52006172839506e+001   -1.34302325581395e+000
-1.56018518518519e+001   -1.39534883720930e+000
-1.56995884773663e+001   -1.40762273901809e+000
-1.59979423868313e+001   -1.46705426356589e+000
-1.61008230452675e+001   -1.47868217054264e+000
-1.61985596707819e+001   -1.48516020671835e+000
-1.63014403292181e+001   -1.50645994832041e+000
-1.63991769547325e+001   -1.54069767441860e+000
-1.61985596707819e+001   -1.43733850129199e+000
-1.61008230452675e+001   -1.38953488372093e+000
-1.59979423868313e+001   -1.32881136950904e+000
-1.59002057613169e+001   -1.26291989664083e+000
-1.58024691358025e+001   -1.21705426356589e+000
-1.56995884773663e+001   -1.18087855297158e+000
-1.56018518518519e+001   -1.14922480620155e+000
-1.54989711934156e+001   -1.12080103359173e+000
-1.54012345679012e+001   -1.09302325581395e+000
-1.52983539094650e+001   -1.05878552971576e+000
-1.52006172839506e+001   -1.03940568475452e+000
-1.50977366255144e+001   -1.01744186046512e+000
-1.50000000000000e+001   -9.93540051679586e-001
-1.49022633744856e+001   -9.80620155038760e-001
-1.47993827160494e+001   -9.60594315245478e-001
-1.47016460905350e+001   -9.43798449612403e-001
-1.45987654320988e+001   -9.19896640826873e-001
-1.45010288065844e+001   -9.01162790697674e-001
-1.43981481481481e+001   -8.81136950904393e-001
-1.43004115226337e+001   -8.64341085271318e-001
-1.41975308641975e+001   -8.49483204134367e-001
-1.40997942386831e+001   -8.32041343669251e-001
-1.40020576131687e+001   -8.04909560723514e-001
-1.38991769547325e+001   -7.89405684754522e-001
-1.38014403292181e+001   -7.68087855297158e-001
-1.36985596707819e+001   -7.50000000000000e-001
-1.36008230452675e+001   -7.38372093023256e-001
-1.34979423868313e+001   -7.20930232558139e-001
-1.34002057613169e+001   -6.98320413436692e-001
-1.33024691358025e+001   -6.80878552971576e-001
-1.31995884773663e+001   -6.68604651162791e-001
-1.31018518518519e+001   -6.55684754521964e-001
-1.29989711934156e+001   -6.36950904392765e-001
-1.29012345679012e+001   -6.22093023255814e-001
-1.27983539094650e+001   -6.00129198966408e-001
-1.27006172839506e+001   -5.87209302325581e-001
-1.25977366255144e+001   -5.72997416020672e-001
-1.25000000000000e+001   -5.61369509043928e-001
-1.24022633744856e+001   -5.50387596899225e-001
-1.22993827160494e+001   -5.33591731266150e-001
-1.22016460905350e+001   -5.21317829457364e-001
-1.20987654320988e+001   -5.09689922480620e-001
-1.20010288065844e+001   -5.00000000000000e-001
-1.19221481481481e+001   -4.95813953488372e-001
-1.18981481481481e+001   -4.89018087855297e-001
-1.18004115226337e+001   -4.80620155038760e-001
-1.16975308641975e+001   -4.68346253229974e-001
-1.15997942386831e+001   -4.56072351421189e-001
-1.15020576131687e+001   -4.43798449612403e-001
-1.13991769547325e+001   -4.37984496124031e-001
-1.13014403292181e+001   -4.29586563307494e-001
-1.11985596707819e+001   -4.21834625322997e-001
-1.11008230452675e+001   -4.15374677002584e-001
-1.09979423868313e+001   -4.03100775193798e-001
-1.09002057613169e+001   -3.91472868217054e-001
-1.08024691358025e+001   -3.86950904392765e-001
-1.06995884773663e+001   -3.74031007751938e-001
-1.06018518518519e+001   -3.62403100775194e-001
-1.04989711934156e+001   -3.61757105943153e-001
-1.04012345679012e+001   -3.53359173126615e-001
-1.02983539094650e+001   -3.42377260981912e-001
-1.02006172839506e+001   -3.36563307493540e-001
-1.00977366255144e+001   -3.28811369509044e-001
-1.00000000000000e+001   -3.19767441860465e-001
-9.90226337448560e+000   -3.10723514211886e-001
-9.79938271604938e+000   -3.10723514211886e-001
-9.70164609053498e+000   -2.90697674418605e-001
-9.59876543209877e+000   -2.82299741602067e-001
-9.50102880658436e+000   -2.77131782945736e-001
