-9.39923863906733e+000   -4.12586037364798e-001
-9.29931001665477e+000   -4.08062930186824e-001
-9.19938139424221e+000   -3.98230088495575e-001
-9.09945277182965e+000   -3.98230088495575e-001
-8.99952414941708e+000   -3.99213372664700e-001
-8.89959552700452e+000   -3.87413962635202e-001
-8.79966690459196e+000   -3.86430678466077e-001
-8.69973828217940e+000   -3.87020648967552e-001
-8.59980965976683e+000   -3.85840707964602e-001
-8.49988103735427e+000   -3.74237954768928e-001
-8.39995241494171e+000   -3.72468043264503e-001
-8.30002379252915e+000   -3.74041297935103e-001
-8.20009517011658e+000   -3.67748279252704e-001
-8.10016654770402e+000   -3.63421828908554e-001
-8.00023792529146e+000   -3.61848574237955e-001
-7.90030930287890e+000   -3.61848574237955e-001
-7.80038068046633e+000   -3.52212389380531e-001
-7.70045205805377e+000   -3.48869223205506e-001
-7.60052343564121e+000   -3.48869223205506e-001
-7.50059481322865e+000   -3.44346116027532e-001
-7.40066619081608e+000   -3.40806293018682e-001
-7.30073756840352e+000   -3.39036381514258e-001
-7.20080894599096e+000   -3.38643067846608e-001
-7.10088032357840e+000   -3.29596853490659e-001
-7.00095170116583e+000   -3.28416912487709e-001
-6.90102307875327e+000   -3.27040314650934e-001
-6.80109445634071e+000   -3.17994100294985e-001
-6.70116583392815e+000   -3.16617502458210e-001
-6.59885795860100e+000   -3.14454277286136e-001
-6.49892933618844e+000   -3.10914454277286e-001
-6.39900071377587e+000   -3.07767944936087e-001
-6.29907209136331e+000   -3.05014749262537e-001
-6.19914346895075e+000   -3.00688298918387e-001
-6.09921484653819e+000   -2.96558505408063e-001
-5.99928622412562e+000   -2.94198623402163e-001
-5.89935760171306e+000   -2.90462143559489e-001
-5.79942897930050e+000   -2.85545722713864e-001
-5.69950035688794e+000   -2.82202556538840e-001
-5.59957173447538e+000   -2.78662733529990e-001
-5.49964311206281e+000   -2.74729596853491e-001
-5.39971448965025e+000   -2.70009832841691e-001
-5.29978586723769e+000   -2.66273352999017e-001
-5.19985724482513e+000   -2.61356932153392e-001
-5.09992862241256e+000   -2.57620452310718e-001
-5.00000000000000e+000   -2.53294001966568e-001
-4.90007137758744e+000   -2.47394296951819e-001
-4.80014275517487e+000   -2.43461160275320e-001
-4.70021413276231e+000   -2.38938053097345e-001
-4.60028551034975e+000   -2.32448377581121e-001
-4.50035688793719e+000   -2.26941986234022e-001
-4.40042826552462e+000   -2.20255653883972e-001
-4.30049964311206e+000   -2.15142576204523e-001
-4.20057102069950e+000   -2.08849557522124e-001
-4.10064239828694e+000   -2.00589970501475e-001
-4.00071377587438e+000   -1.91937069813176e-001
-3.90078515346181e+000   -1.86430678466077e-001
-3.80085653104925e+000   -1.76991150442478e-001
-3.70092790863669e+000   -1.72271386430678e-001
-3.60099928622413e+000   -1.64995083579154e-001
-3.50107066381156e+000   -1.51032448377581e-001
-3.40114204139900e+000   -1.42379547689282e-001
-3.29883416607185e+000   -1.37463126843658e-001
-3.19890554365929e+000   -1.29203539823009e-001
-3.09897692124673e+000   -1.19567354965585e-001
-2.99904829883417e+000   -1.11897738446411e-001
-2.89911967642160e+000   -1.03048180924287e-001
-2.79919105400904e+000   -9.36086529006882e-002
-2.69926243159648e+000   -8.98721730580136e-002
-2.59933380918392e+000   -8.12192723697147e-002
-2.49940518677135e+000   -6.58800393313667e-002
-2.39947656435879e+000   -5.95870206489675e-002
-2.29954794194623e+000   -5.84070796460177e-002
-2.38758029978587e+000   -6.72566371681416e-002
-2.55888650963597e+000   -8.31858407079646e-002
-2.68736616702355e+000   -9.38053097345133e-002
-2.79443254817987e+000   -1.00884955752212e-001
-2.94432548179872e+000   -1.13274336283186e-001
-3.07280513918630e+000   -1.25663716814159e-001
-3.20128479657388e+000   -1.36283185840708e-001
-3.30835117773019e+000   -1.43362831858407e-001
-3.41541755888651e+000   -1.53982300884956e-001
-3.56531049250535e+000   -1.71681415929204e-001
-3.67237687366167e+000   -1.80530973451327e-001
-3.75802997858672e+000   -1.87610619469027e-001
-3.86509635974304e+000   -2.00000000000000e-001
-3.97216274089936e+000   -2.08849557522124e-001
-4.03640256959315e+000   -2.15929203539823e-001
-4.10064239828694e+000   -2.21238938053097e-001
-4.20770877944326e+000   -2.31858407079646e-001
-4.27194860813704e+000   -2.38938053097345e-001
-4.40042826552462e+000   -2.51917404129793e-001
-4.50035688793719e+000   -2.61750245821042e-001
-4.61456102783726e+000   -2.74336283185841e-001
-4.80014275517487e+000   -2.94395280235988e-001
-4.90007137758744e+000   -3.02654867256637e-001
-5.00000000000000e+000   -3.15044247787611e-001
-5.09992862241256e+000   -3.29203539823009e-001
-5.19985724482513e+000   -3.35496558505408e-001
-5.29978586723769e+000   -3.43952802359882e-001
-5.42826552462527e+000   -3.57522123893805e-001
-5.59957173447538e+000   -3.76401179941003e-001
-5.69950035688794e+000   -3.84267453294002e-001
-5.79229122055674e+000   -3.96460176991150e-001
-5.89935760171306e+000   -4.09439528023599e-001
-5.99928622412562e+000   -4.17895771878073e-001
-6.09921484653819e+000   -4.24975417895772e-001
-6.19914346895075e+000   -4.37168141592920e-001
-6.29907209136331e+000   -4.51524090462144e-001
-6.39900071377587e+000   -4.59390363815143e-001
-6.49892933618844e+000   -4.67059980334317e-001
-6.56316916488223e+000   -4.74336283185841e-001
-6.60599571734475e+000   -4.83185840707965e-001
-6.70116583392815e+000   -4.92035398230088e-001
-6.80109445634071e+000   -5.00688298918387e-001
-6.86295503211991e+000   -5.07964601769912e-001
-7.10088032357840e+000   -5.34513274336283e-001
-7.20080894599096e+000   -5.44739429695182e-001
-7.30073756840352e+000   -5.50639134709931e-001
-7.35546038543897e+000   -5.61061946902655e-001
-7.50059481322865e+000   -5.76794493608653e-001
-7.60052343564121e+000   -5.86627335299902e-001
-7.80038068046633e+000   -6.13962635201573e-001
-7.90030930287890e+000   -6.19665683382498e-001
-8.00023792529146e+000   -6.29695181907571e-001
-8.20009517011658e+000   -6.58603736479843e-001
-8.30002379252915e+000   -6.66273352999017e-001
-8.59980965976683e+000   -7.00294985250737e-001
-8.69973828217940e+000   -7.11111111111111e-001
-8.99952414941708e+000   -7.45329400196657e-001
-9.09945277182965e+000   -7.53982300884956e-001
-9.29931001665477e+000   -7.81514257620452e-001
-9.39923863906733e+000   -7.87807276302852e-001
-9.49916726147990e+000   -7.96853490658800e-001
-9.69902450630502e+000   -8.23402163225172e-001
-9.79895312871758e+000   -8.33431661750246e-001
-1.01011182488699e+001   -8.68239921337266e-001
-1.02010468712824e+001   -8.78269419862340e-001
-1.05008327385201e+001   -9.10914454277286e-001
-1.06007613609327e+001   -9.20353982300885e-001
-1.08006186057578e+001   -9.46705998033432e-001
-1.09005472281704e+001   -9.54375614552606e-001
-1.10004758505829e+001   -9.61061946902655e-001
-1.12003330954080e+001   -9.86823992133727e-001
-1.13002617178206e+001   -9.91937069813176e-001
-1.14001903402332e+001   -1.00000000000000e+000
-1.16999762074709e+001   -1.02320550639135e+000
-1.17999048298834e+001   -1.03048180924287e+000
-1.18998334522960e+001   -1.03343166175025e+000
-1.21996193195337e+001   -1.04916420845624e+000
-1.22995479419462e+001   -1.05191740412979e+000
-1.23994765643588e+001   -1.05447394296952e+000
-1.27991910540090e+001   -1.05565388397247e+000
-1.28991196764216e+001   -1.05742379547689e+000
-1.29990482988342e+001   -1.05604719764012e+000
-1.34011420413990e+001   -1.04857423795477e+000
-1.35010706638116e+001   -1.04719764011799e+000
-1.36009992862241e+001   -1.04837758112094e+000
-1.37009279086367e+001   -1.04798426745329e+000
-1.40007137758744e+001   -1.03677482792527e+000
-1.41006423982869e+001   -1.03461160275320e+000
-1.42005710206995e+001   -1.03126843657817e+000
-1.46002855103498e+001   -1.02163225172075e+000
-1.47002141327623e+001   -1.01671583087512e+000
-1.48001427551749e+001   -1.01317600786627e+000
-1.51998572448251e+001   -9.98426745329400e-001
-1.52997858672377e+001   -9.94493608652901e-001
-1.56995003568879e+001   -9.64011799410029e-001
-1.57994289793005e+001   -9.55162241887906e-001
-1.59992862241256e+001   -9.15044247787611e-001
-1.60992148465382e+001   -8.72566371681416e-001
-1.61991434689507e+001   -8.56833824975418e-001
-1.62990720913633e+001   -8.28318584070797e-001
-1.62990720913633e+001   -7.94690265486726e-001
-1.61991434689507e+001   -7.88397246804326e-001
-1.60992148465382e+001   -7.67354965585054e-001
-1.60492505353319e+001   -7.52212389380531e-001
-1.59992862241256e+001   -7.39429695181907e-001
-1.58993576017131e+001   -7.22910521140610e-001
-1.57994289793005e+001   -7.08161258603736e-001
-1.56995003568879e+001   -6.97541789577188e-001
-1.55995717344754e+001   -6.85152409046214e-001
-1.54996431120628e+001   -6.74926253687316e-001
-1.53997144896503e+001   -6.67846607669617e-001
-1.52997858672377e+001   -6.58013765978368e-001
-1.51998572448251e+001   -6.50934119960669e-001
-1.50999286224126e+001   -6.43854473942969e-001
-1.50000000000000e+001   -6.36381514257620e-001
-1.49000713775874e+001   -6.34414945919371e-001
-1.48001427551749e+001   -6.23795476892822e-001
-1.47002141327623e+001   -6.13372664700098e-001
-1.46002855103498e+001   -6.10816125860374e-001
-1.45003568879372e+001   -6.09439528023599e-001
-1.44004282655246e+001   -5.98426745329400e-001
-1.43004996431121e+001   -5.90167158308751e-001
-1.42005710206995e+001   -5.93903638151426e-001
-1.41006423982869e+001   -5.82104228121927e-001
-1.40007137758744e+001   -5.74827925270403e-001
-1.39007851534618e+001   -5.74434611602753e-001
-1.38008565310493e+001   -5.70698131760079e-001
-1.37009279086367e+001   -5.63225172074730e-001
-1.36009992862241e+001   -5.58505408062930e-001
-1.35010706638116e+001   -5.61848574237955e-001
-1.34011420413990e+001   -5.50442477876106e-001
-1.32988341660719e+001   -5.46116027531957e-001
-1.31989055436593e+001   -5.47295968534907e-001
-1.30989769212467e+001   -5.37069813176008e-001
-1.29990482988342e+001   -5.33529990167158e-001
-1.28991196764216e+001   -5.31760078662733e-001
-1.27991910540090e+001   -5.29400196656834e-001
-1.26992624315965e+001   -5.20157325467060e-001
-1.25993338091839e+001   -5.16617502458210e-001
-1.24994051867714e+001   -5.19370698131760e-001
-1.23994765643588e+001   -5.09734513274336e-001
-1.22995479419462e+001   -5.08947885939036e-001
-1.21996193195337e+001   -5.09144542772861e-001
-1.20996906971211e+001   -4.99901671583087e-001
-1.19997620747085e+001   -4.94198623402163e-001
-1.18998334522960e+001   -4.93018682399213e-001
-1.17999048298834e+001   -4.92232055063913e-001
-1.16999762074709e+001   -4.80825958702065e-001
-1.16000475850583e+001   -4.84169124877089e-001
-1.15001189626457e+001   -4.85152409046214e-001
-1.14001903402332e+001   -4.72763028515241e-001
-1.13002617178206e+001   -4.73156342182891e-001
-1.12003330954080e+001   -4.73156342182891e-001
-1.11004044729955e+001   -4.68043264503441e-001
-1.10004758505829e+001   -4.55653883972468e-001
-1.09005472281704e+001   -4.58603736479843e-001
-1.08006186057578e+001   -4.60766961651917e-001
-1.07006899833452e+001   -4.50934119960669e-001
-1.06007613609327e+001   -4.48967551622419e-001
-1.05008327385201e+001   -4.49164208456244e-001
-1.04009041161075e+001   -4.44641101278269e-001
-1.03009754936950e+001   -4.35004916420846e-001
-1.02010468712824e+001   -4.34611602753196e-001
-1.01011182488699e+001   -4.35398230088496e-001
-9.99881037354271e+000   -4.29105211406096e-001
-9.89888175113014e+000   -4.25565388397247e-001
-9.79895312871758e+000   -4.23992133726647e-001
-9.69902450630502e+000   -4.20648967551622e-001
-9.59909588389246e+000   -4.10226155358899e-001
-9.49916726147990e+000   -4.11406096361849e-001
