 9.59829059829060e+000    1.24941837144003e+000
 9.70085470085470e+000    1.26105094263939e+000
 9.79914529914530e+000    1.27027677496992e+000
 9.90170940170940e+000    1.27749699157641e+000
 1.00000000000000e+001    1.28832731648616e+000
 1.00982905982906e+001    1.29835539510630e+000
 1.02008547008547e+001    1.30637785800241e+000
 1.02991452991453e+001    1.31680705976735e+000
 1.04017094017094e+001    1.32523064580826e+000
 1.05000000000000e+001    1.33565984757321e+000
 1.05982905982906e+001    1.34608904933815e+000
 1.07008547008547e+001    1.35250701965503e+000
 1.07991452991453e+001    1.36253509827517e+000
 1.09017094017094e+001    1.36975531488167e+000
 1.10000000000000e+001    1.38098676293622e+000
 1.10982905982906e+001    1.39061371841155e+000
 1.12008547008547e+001    1.39663056558363e+000
 1.12991452991453e+001    1.40505415162455e+000
 1.14017094017094e+001    1.41147212194144e+000
 1.15000000000000e+001    1.42109907741677e+000
 1.15982905982906e+001    1.43273164861613e+000
 1.17008547008547e+001    1.43794624949860e+000
 1.17991452991453e+001    1.44837545126354e+000
 1.19017094017094e+001    1.45479342158043e+000
 1.20000000000000e+001    1.46281588447653e+000
 1.22008547008547e+001    1.48086642599278e+000
 1.23076923076923e+001    1.49169675090253e+000
 1.25384615384615e+001    1.50974729241877e+000
 1.28076923076923e+001    1.52779783393502e+000
 1.30000000000000e+001    1.54424388287204e+000
 1.30982905982906e+001    1.55186522262335e+000
 1.32008547008547e+001    1.55748094665062e+000
 1.32991452991453e+001    1.56670677898115e+000
 1.35000000000000e+001    1.57513036502206e+000
 1.35982905982906e+001    1.58154833533895e+000
 1.37008547008547e+001    1.58555956678700e+000
 1.37991452991453e+001    1.59398315282792e+000
 1.40982905982906e+001    1.61083032490975e+000
 1.42692307692308e+001    1.62166064981949e+000
 1.45384615384615e+001    1.63249097472924e+000
 1.47692307692308e+001    1.64332129963899e+000
 1.49230769230769e+001    1.65054151624549e+000
 1.50982905982906e+001    1.65415162454874e+000
 1.52008547008547e+001    1.65415162454874e+000
 1.52991452991453e+001    1.65695948656237e+000
 1.54017094017094e+001    1.65415162454874e+000
 1.55000000000000e+001    1.65535499398315e+000
 1.57008547008547e+001    1.65054151624549e+000
 1.59017094017094e+001    1.63971119133574e+000
 1.60982905982906e+001    1.60601684717208e+000
 1.62008547008547e+001    1.58716405936623e+000
 1.63076923076923e+001    1.54945848375451e+000
 1.63461538461538e+001    1.52057761732852e+000
 1.63846153846154e+001    1.48808664259928e+000
 1.64230769230769e+001    1.45920577617329e+000
 1.64615384615385e+001    1.43032490974729e+000
 1.65384615384615e+001    1.39783393501805e+000
 1.65569230769231e+001    1.36895306859206e+000
 1.65769230769231e+001    1.34007220216606e+000
 1.65384615384615e+001    1.31119133574007e+000
 1.65000000000000e+001    1.29193742478941e+000
 1.64615384615385e+001    1.25342960288809e+000
 1.64017094017094e+001    1.23176895306859e+000
 1.63461538461538e+001    1.19566787003610e+000
 1.62991452991453e+001    1.17521058965102e+000
 1.62008547008547e+001    1.14151624548736e+000
 1.60982905982906e+001    1.12908142799840e+000
 1.57991452991453e+001    1.09458483754513e+000
 1.57008547008547e+001    1.08255114320096e+000
 1.53076923076923e+001    1.06209386281588e+000
 1.52008547008547e+001    1.05487364620939e+000
 1.51153846153846e+001    1.05126353790614e+000
 1.47008547008547e+001    1.03682310469314e+000
 1.45982905982906e+001    1.03682310469314e+000
 1.45000000000000e+001    1.03321299638989e+000
 1.41538461538462e+001    1.02599277978339e+000
 1.40384615384615e+001    1.02238267148014e+000
 1.39017094017094e+001    1.02238267148014e+000
 1.35384615384615e+001    1.02238267148014e+000
 1.34017094017094e+001    1.01877256317690e+000
 1.32991452991453e+001    1.01957480946651e+000
 1.29230769230769e+001    1.02599277978339e+000
 1.27991452991453e+001    1.02238267148014e+000
 1.27008547008547e+001    1.02599277978339e+000
 1.22991452991453e+001    1.02599277978339e+000
 1.22008547008547e+001    1.02960288808664e+000
 1.20982905982906e+001    1.03120738066586e+000
 1.17692307692308e+001    1.03682310469314e+000
 1.16153846153846e+001    1.04043321299639e+000
 1.15000000000000e+001    1.04043321299639e+000
 1.11153846153846e+001    1.04404332129964e+000
 1.10000000000000e+001    1.04765342960289e+000
 1.08846153846154e+001    1.04765342960289e+000
 1.05000000000000e+001    1.05487364620939e+000
 1.04017094017094e+001    1.05487364620939e+000
 1.02991452991453e+001    1.05487364620939e+000
 9.79914529914530e+000    1.06209386281588e+000
 9.59829059829060e+000    1.05848375451264e+000
 9.20085470085470e+000    1.05848375451264e+000
 9.09829059829060e+000    1.05487364620939e+000
 8.65384615384615e+000    1.04765342960289e+000
 8.50000000000000e+000    1.04043321299639e+000
 8.00000000000000e+000    1.02599277978339e+000
 7.90170940170940e+000    1.01877256317690e+000
 7.53846153846154e+000    1.00072202166065e+000
 7.40170940170940e+000    9.93501805054152e-001
 7.34615384615385e+000    9.89891696750902e-001
 7.00000000000000e+000    9.68231046931408e-001
 6.90170940170940e+000    9.59807460890493e-001
 6.79914529914530e+000    9.53790613718412e-001
 6.65384615384615e+000    9.42960288808664e-001
 6.42307692307692e+000    9.28519855595668e-001
 6.26923076923077e+000    9.14079422382671e-001
 6.07692307692308e+000    8.96028880866426e-001
 5.96153846153846e+000    8.85198555956679e-001
 5.76923076923077e+000    8.70758122743682e-001
 5.57692307692308e+000    8.49097472924188e-001
 5.42307692307692e+000    8.34657039711191e-001
 5.26923076923077e+000    8.20216606498195e-001
 5.00000000000000e+000    7.98555956678700e-001
 4.90170940170940e+000    7.87725631768953e-001
 4.76923076923077e+000    7.69675090252708e-001
 4.57692307692308e+000    7.51624548736462e-001
 4.38461538461539e+000    7.33574007220217e-001
 4.19230769230769e+000    7.08303249097473e-001
 4.09829059829060e+000    6.97472924187726e-001
 3.90170940170940e+000    6.75812274368231e-001
 3.79914529914530e+000    6.68592057761733e-001
 3.70085470085470e+000    6.57761732851986e-001
 3.59829059829060e+000    6.49338146811071e-001
 3.50000000000000e+000    6.37304452466907e-001
 3.40170940170940e+000    6.24468511833133e-001
 3.29914529914530e+000    6.15643802647413e-001
 2.70085470085470e+000    5.60288808664260e-001
 2.65384615384615e+000    5.71119133574007e-001
 2.80769230769231e+000    5.85559566787004e-001
 2.96153846153846e+000    6.00000000000000e-001
 3.11538461538462e+000    6.14440433212996e-001
 3.26923076923077e+000    6.28880866425993e-001
 3.79914529914530e+000    6.86642599277978e-001
 4.00000000000000e+000    7.19133574007220e-001
 4.09829059829060e+000    7.26754913758524e-001
 4.20085470085470e+000    7.37184115523466e-001
 4.29914529914530e+000    7.47212194143602e-001
 4.40170940170940e+000    7.58042519053349e-001
 4.50000000000000e+000    7.61652627356598e-001
 4.59829059829060e+000    7.79703168872844e-001
 4.70085470085470e+000    7.86522262334537e-001
 4.79914529914530e+000    7.99358202968311e-001
 4.90170940170940e+000    8.06979542719615e-001
 5.03846153846154e+000    8.16606498194946e-001
 5.34615384615385e+000    8.45487364620939e-001
 5.50000000000000e+000    8.59927797833935e-001
 5.69230769230769e+000    8.77978339350181e-001
 5.88461538461539e+000    8.92418772563177e-001
 6.07692307692308e+000    9.10469314079422e-001
 6.29914529914530e+000    9.32531087043722e-001
 6.40170940170940e+000    9.39751303650221e-001
 6.79914529914530e+000    9.81468110709988e-001
 7.09829059829060e+000    1.00673886883273e+000
 7.20085470085470e+000    1.01516245487365e+000
 7.29914529914530e+000    1.02278379462495e+000
 7.50000000000000e+000    1.05326915363016e+000
 7.59829059829060e+000    1.05848375451264e+000
 7.70085470085470e+000    1.06249498596069e+000
 7.79914529914530e+000    1.07492980344966e+000
 7.90170940170940e+000    1.08174889691135e+000
 8.00000000000000e+000    1.09257922182110e+000
 8.09829059829060e+000    1.10421179302046e+000
 8.20085470085470e+000    1.11343762535098e+000
 8.29914529914530e+000    1.12386682711592e+000
 8.40170940170940e+000    1.13309265944645e+000
 8.50000000000000e+000    1.14472523064581e+000
 8.59829059829060e+000    1.15595667870036e+000
 8.70085470085470e+000    1.16277577216205e+000
 8.90170940170940e+000    1.18162855996791e+000
 9.00000000000000e+000    1.19326113116727e+000
 9.09829059829060e+000    1.20288808664260e+000
 9.20085470085470e+000    1.21010830324910e+000
 9.29914529914530e+000    1.22174087444846e+000
 9.40170940170940e+000    1.23096670677898e+000
 9.50000000000000e+000    1.24019253910951e+000
