-1.47932237169905e+001    8.48395061728395e-002
-1.43946188340807e+001    1.11456790123457e-001
-1.39960139511709e+001    1.13530864197531e-001
-1.35974090682611e+001    1.08000000000000e-001
-1.28001993024415e+001    1.06617283950617e-001
-1.24015944195316e+001    1.04197530864197e-001
-1.16043846537120e+001    9.41728395061728e-002
-1.12057797708022e+001    9.38271604938271e-002
-1.08071748878924e+001    9.03703703703703e-002
-1.04085700049826e+001    8.31111111111111e-002
-1.00099651220727e+001    7.96543209876543e-002
-9.61136023916293e+000    7.61975308641975e-002
-9.18784255107125e+000    7.30864197530864e-002
-8.78923766816143e+000    6.34074074074074e-002
-8.39063278525162e+000    6.09876543209876e-002
-7.99202790234180e+000    5.68395061728394e-002
-7.59342301943199e+000    5.16543209876543e-002
-7.19481813652217e+000    4.68148148148148e-002
-6.79621325361236e+000    4.26666666666667e-002
-6.39760837070254e+000    3.67901234567901e-002
-5.99900348779272e+000    3.33333333333333e-002
-5.60039860488291e+000    2.91851851851852e-002
-5.20179372197309e+000    2.50370370370370e-002
-4.80318883906328e+000    1.77777777777778e-002
-4.40458395615346e+000    1.60493827160494e-002
-4.00597907324365e+000    1.50123456790123e-002
-3.60737419033383e+000    1.19012345679012e-002
-3.20876930742402e+000    1.15555555555555e-002
-3.20876930742402e+000    5.33333333333330e-003
-2.81016442451420e+000    4.98765432098763e-003
-2.41155954160438e+000   -1.97530864197576e-004
-1.98804185351270e+000   -1.97530864197576e-004
-1.19083208769307e+000   -4.00000000000000e-003
-7.92227204783259e-001   -5.72839506172843e-003
-3.93622321873444e-001   -5.72839506172843e-003
 4.98256103637118e-003   -6.76543209876546e-003
 4.03587443946190e-001   -7.11111111111112e-003
 8.02192326856002e-001   -6.76543209876546e-003
 1.20079720976582e+000   -6.07407407407409e-003
 1.59940209267564e+000   -5.72839506172843e-003
 2.39661185849527e+000   -1.23456790123461e-003
 2.79521674140508e+000    4.93827160493815e-004
 3.19382162431490e+000    2.22222222222218e-003
 3.59242650722472e+000    7.06172839506172e-003
 3.99103139013453e+000    1.36296296296296e-002
 4.38963627304435e+000    2.05432098765432e-002
 4.78824115595416e+000    4.02469135802469e-002
 5.21175884404584e+000    4.19753086419753e-002
 3.99103139013453e+000    5.26913580246913e-002
 3.59242650722472e+000    5.02716049382716e-002
 3.19382162431490e+000    4.88888888888889e-002
 2.79521674140508e+000    4.57777777777778e-002
 2.39661185849527e+000    4.37037037037037e-002
 1.99800697558545e+000    3.85185185185185e-002
 1.59940209267564e+000    3.64444444444444e-002
 1.20079720976582e+000    3.09135802469135e-002
 8.02192326856002e-001    2.81481481481481e-002
 4.03587443946190e-001    2.40000000000000e-002
 4.98256103637118e-003    2.08888888888888e-002
-3.93622321873444e-001    1.36296296296296e-002
-7.92227204783259e-001    1.29382716049383e-002
-1.19083208769307e+000    9.82716049382712e-003
-1.58943697060289e+000    5.33333333333330e-003
-2.81016442451420e+000   -5.03703703703706e-003
-3.60737419033383e+000   -1.22962962962963e-002
-4.00597907324365e+000   -1.57530864197531e-002
-4.40458395615346e+000   -1.74814814814815e-002
-5.20179372197309e+000   -2.40493827160494e-002
-5.60039860488291e+000   -2.50864197530865e-002
-5.99900348779272e+000   -2.61234567901235e-002
-6.39760837070254e+000   -2.95802469135803e-002
-6.79621325361236e+000   -3.20000000000000e-002
-7.19481813652217e+000   -3.06172839506173e-002
-7.59342301943199e+000   -3.13086419753087e-002
-7.99202790234180e+000   -3.09629629629630e-002
-8.39063278525162e+000   -3.20000000000000e-002
-8.78923766816143e+000   -2.99259259259259e-002
-9.18784255107125e+000   -2.99259259259259e-002
-9.61136023916293e+000   -2.61234567901235e-002
-1.00099651220727e+001   -2.95802469135803e-002
-1.08071748878924e+001   -1.88641975308642e-002
-1.12057797708022e+001   -1.64444444444445e-002
-1.20029895366218e+001   -6.41975308641979e-003
-1.24015944195316e+001   -2.61728395061733e-003
-1.28001993024415e+001    1.87654320987654e-003
-1.31988041853513e+001    1.63950617283950e-002
-1.35974090682611e+001    2.12345679012345e-002
-1.39960139511709e+001    3.67901234567901e-002
-1.43946188340807e+001    4.30123456790123e-002
-1.47932237169905e+001    8.48395061728395e-002
