 9.61240310077519e+000    1.32803347280335e+000
 9.72868217054264e+000    1.34476987447699e+000
 9.88372093023256e+000    1.36150627615063e+000
 1.00387596899225e+001    1.37405857740586e+000
 1.01937984496124e+001    1.38661087866109e+000
 1.03100775193798e+001    1.39916317991632e+000
 1.04651162790698e+001    1.41171548117155e+000
 1.05813953488372e+001    1.42008368200837e+000
 1.07364341085271e+001    1.43263598326360e+000
 1.08914728682171e+001    1.44937238493724e+000
 1.10077519379845e+001    1.45774058577406e+000
 1.12015503875969e+001    1.47447698744770e+000
 1.13178294573643e+001    1.48284518828452e+000
 1.14987080103359e+001    1.49539748953975e+000
 1.15891472868217e+001    1.50376569037657e+000
 1.17441860465116e+001    1.52050209205021e+000
 1.18992248062016e+001    1.53305439330544e+000
 1.20542635658915e+001    1.54560669456067e+000
 1.22093023255814e+001    1.56234309623431e+000
 1.24418604651163e+001    1.57907949790795e+000
 1.26356589147287e+001    1.59163179916318e+000
 1.27906976744186e+001    1.60418410041841e+000
 1.29457364341085e+001    1.62092050209205e+000
 1.31007751937985e+001    1.62928870292887e+000
 1.32558139534884e+001    1.64184100418410e+000
 1.34496124031008e+001    1.65439330543933e+000
 1.36046511627907e+001    1.66694560669456e+000
 1.37984496124031e+001    1.67531380753138e+000
 1.39534883720930e+001    1.68368200836820e+000
 1.40999138673557e+001    1.69205020920502e+000
 1.41989664082687e+001    1.69762900976290e+000
 1.42980189491817e+001    1.70460251046025e+000
 1.44013781223084e+001    1.71111111111111e+000
 1.45004306632214e+001    1.71483031148303e+000
 1.45994832041344e+001    1.72180381218038e+000
 1.46985357450474e+001    1.72412831241283e+000
 1.48018949181740e+001    1.73156671315667e+000
 1.49009474590870e+001    1.73296141329614e+000
 1.50000000000000e+001    1.73854021385402e+000
 1.50990525409130e+001    1.74179451417945e+000
 1.51981050818260e+001    1.74458391445839e+000
 1.53014642549526e+001    1.74876801487680e+000
 1.54005167958656e+001    1.74830311483031e+000
 1.54995693367786e+001    1.74876801487680e+000
 1.55986218776916e+001    1.74876801487680e+000
 1.57019810508183e+001    1.74830311483031e+000
 1.58010335917313e+001    1.74504881450488e+000
 1.59000861326443e+001    1.73993491399349e+000
 1.59991386735573e+001    1.73156671315667e+000
 1.60981912144703e+001    1.72040911204091e+000
 1.62015503875969e+001    1.69669920966992e+000
 1.63006029285099e+001    1.65718270571827e+000
 1.63996554694229e+001    1.62092050209205e+000
 1.64987080103359e+001    1.56048349604835e+000
 1.66020671834625e+001    1.52189679218968e+000
 1.66279069767442e+001    1.48284518828452e+000
 1.66666666666667e+001    1.44937238493724e+000
 1.66279069767442e+001    1.42008368200837e+000
 1.66020671834625e+001    1.38568107856811e+000
 1.65287080103359e+001    1.36987447698745e+000
 1.64987080103359e+001    1.32803347280335e+000
 1.63996554694229e+001    1.26155276615528e+000
 1.63006029285099e+001    1.25178986517899e+000
 1.60981912144703e+001    1.19321245932125e+000
 1.59991386735573e+001    1.18066015806602e+000
 1.57019810508183e+001    1.13184565318457e+000
 1.55986218776916e+001    1.12115295211530e+000
 1.53014642549526e+001    1.08768014876801e+000
 1.51981050818260e+001    1.07977684797768e+000
 1.50990525409130e+001    1.07605764760576e+000
 1.48018949181740e+001    1.05281264528126e+000
 1.46985357450474e+001    1.04583914458391e+000
 1.45994832041344e+001    1.04165504416550e+000
 1.41989664082687e+001    1.02538354253835e+000
 1.40999138673557e+001    1.02445374244537e+000
 1.40008613264427e+001    1.02166434216643e+000
 1.36003445305771e+001    1.01190144119014e+000
 1.33979328165375e+001    1.01050674105067e+000
 1.30017226528854e+001    1.00446304044630e+000
 1.28983634797588e+001    1.00399814039981e+000
 1.27993109388458e+001    1.00399814039981e+000
 1.22997416020672e+001    1.00818224081822e+000
 1.22006890611542e+001    1.00725244072524e+000
 1.17011197243755e+001    1.01190144119014e+000
 1.16020671834625e+001    1.01236634123663e+000
 1.14987080103359e+001    1.01283124128312e+000
 1.10981912144703e+001    1.02119944211994e+000
 1.09991386735573e+001    1.02398884239888e+000
 1.09000861326443e+001    1.02445374244537e+000
 1.04995693367786e+001    1.03328684332868e+000
 1.04005167958656e+001    1.03747094374709e+000
 1.03014642549526e+001    1.03700604370060e+000
 9.90094745908699e+000    1.04583914458391e+000
 9.80189491817399e+000    1.04630404463040e+000
 9.69853574504737e+000    1.04909344490934e+000
 9.29801894918174e+000    1.05420734542073e+000
 9.19896640826873e+000    1.05467224546722e+000
 9.09991386735573e+000    1.05513714551371e+000
 8.69939707149010e+000    1.05606694560669e+000
 8.60034453057709e+000    1.05420734542073e+000
 8.50129198966408e+000    1.05374244537424e+000
 8.39793281653747e+000    1.05374244537424e+000
 8.00172265288544e+000    1.04537424453742e+000
 7.89836347975883e+000    1.04397954439795e+000
 7.79931093884582e+000    1.04211994421199e+000
 7.39879414298019e+000    1.02584844258484e+000
 7.29974160206718e+000    1.02119944211994e+000
 7.20068906115418e+000    1.01980474198047e+000
 6.80017226528854e+000    9.95629939562994e-001
 6.70111972437554e+000    9.90980939098094e-001
 6.30060292850991e+000    9.64946536494654e-001
 6.20155038759690e+000    9.57508135750814e-001
 6.09819121447028e+000    9.50069735006974e-001
 5.80103359173127e+000    9.26359832635983e-001
 5.70198105081826e+000    9.19386331938633e-001
 5.59862187769165e+000    9.12412831241283e-001
 5.30146425495263e+000    8.84518828451883e-001
 5.23255813953488e+000    8.80334728033473e-001
 5.11627906976744e+000    8.71966527196653e-001
 4.88372093023256e+000    8.55230125523013e-001
 4.65116279069767e+000    8.30125523012552e-001
 4.41860465116279e+000    8.09205020920502e-001
 4.22480620155039e+000    7.88284518828452e-001
 4.03100775193798e+000    7.67364016736402e-001
 3.91472868217054e+000    7.58995815899582e-001
 3.79844961240310e+000    7.46443514644351e-001
 3.68217054263566e+000    7.33891213389121e-001
 3.56589147286822e+000    7.21338912133891e-001
 3.48837209302326e+000    7.12970711297071e-001
 3.44961240310078e+000    7.08786610878661e-001
 3.37209302325581e+000    7.04602510460251e-001
 3.29888027562446e+000    6.94839609483961e-001
 3.19982773471146e+000    6.85541608554161e-001
 3.13953488372093e+000    6.79497907949791e-001
 3.06201550387597e+000    6.71129707112971e-001
 2.98449612403101e+000    6.62761506276151e-001
 2.94573643410853e+000    6.58577405857741e-001
 2.79069767441860e+000    6.50209205020921e-001
 2.71317829457364e+000    6.37656903765690e-001
 2.60120585701981e+000    6.33937703393770e-001
 2.70025839793282e+000    6.55788005578801e-001
 2.79931093884582e+000    6.57182705718271e-001
 2.89836347975883e+000    6.65550906555091e-001
 3.00172265288544e+000    6.70664807066481e-001
 3.10077519379845e+000    6.88331008833101e-001
 3.19982773471146e+000    7.01813110181311e-001
 3.29888027562446e+000    7.09716410971641e-001
 3.39793281653747e+000    7.16225011622501e-001
 3.50129198966408e+000    7.21803812180381e-001
 3.60034453057709e+000    7.35750813575081e-001
 3.69939707149010e+000    7.45048814504881e-001
 3.79844961240310e+000    7.56206415620642e-001
 3.90180878552972e+000    7.69223616922362e-001
 4.00086132644272e+000    7.77126917712692e-001
 4.09991386735573e+000    7.87819618781962e-001
 4.19896640826873e+000    7.93863319386332e-001
 4.29801894918174e+000    8.06880520688052e-001
 4.40137812230835e+000    8.18967921896792e-001
 4.50043066322136e+000    8.25476522547652e-001
 4.59948320413437e+000    8.35239423523942e-001
 4.69853574504737e+000    8.43607624360762e-001
 4.80189491817399e+000    8.54300325430033e-001
 4.90094745908699e+000    8.64993026499303e-001
 5.00000000000000e+000    8.77080427708043e-001
 5.09905254091301e+000    8.81729428172943e-001
 5.19810508182601e+000    8.90097629009763e-001
 5.30146425495263e+000    9.08693630869363e-001
 5.40051679586563e+000    9.13807531380753e-001
 5.49956933677864e+000    9.25430032543003e-001
 5.59862187769165e+000    9.34728033472803e-001
 5.70198105081826e+000    9.46350534635053e-001
 5.80103359173127e+000    9.57043235704323e-001
 5.90008613264427e+000    9.64946536494654e-001
 5.99913867355728e+000    9.75639237563924e-001
 6.09819121447028e+000    9.84007438400744e-001
 6.20155038759690e+000    9.96094839609484e-001
 6.30060292850991e+000    1.00864714086471e+000
 6.39965546942291e+000    1.01515574151557e+000
 6.49870801033592e+000    1.02770804277080e+000
 6.60206718346253e+000    1.03514644351464e+000
 6.70111972437554e+000    1.04583914458391e+000
 6.80017226528854e+000    1.05513714551371e+000
 6.89922480620155e+000    1.07373314737331e+000
 6.99827734711456e+000    1.08303114830311e+000
 7.10163652024117e+000    1.09186424918643e+000
 7.20068906115418e+000    1.10162715016271e+000
 7.29974160206718e+000    1.10534635053464e+000
 7.39879414298019e+000    1.12068805206881e+000
 7.50215331610680e+000    1.13184565318457e+000
 7.60120585701981e+000    1.13881915388192e+000
 7.70025839793282e+000    1.15044165504417e+000
 7.79931093884582e+000    1.15927475592748e+000
 7.89836347975883e+000    1.16810785681079e+000
 8.00172265288544e+000    1.17647605764761e+000
 8.10077519379845e+000    1.18763365876337e+000
 8.19982773471146e+000    1.19786145978615e+000
 8.29888027562446e+000    1.20344026034403e+000
 8.39793281653747e+000    1.21645746164575e+000
 8.50129198966408e+000    1.22296606229661e+000
 8.60034453057709e+000    1.23319386331939e+000
 8.69939707149010e+000    1.23877266387727e+000
 8.79844961240310e+000    1.25225476522548e+000
 8.90180878552972e+000    1.26155276615528e+000
 9.00086132644272e+000    1.27038586703859e+000
 9.09991386735573e+000    1.28014876801488e+000
 9.19896640826873e+000    1.28991166899117e+000
 9.29801894918174e+000    1.29874476987448e+000
 9.40137812230835e+000    1.31129707112971e+000
