 9.59829059829060e+000    1.28953068592058e+000
 9.90170940170940e+000    1.31480144404332e+000
 1.00000000000000e+001    1.32242278379463e+000
 1.00982905982906e+001    1.33285198555957e+000
 1.02991452991453e+001    1.35050140393101e+000
 1.04017094017094e+001    1.35090252707581e+000
 1.05000000000000e+001    1.36413959085439e+000
 1.05982905982906e+001    1.37376654632972e+000
 1.07008547008547e+001    1.38018451664661e+000
 1.07991452991453e+001    1.39061371841155e+000
 1.09017094017094e+001    1.39783393501805e+000
 1.10000000000000e+001    1.40505415162455e+000
 1.10982905982906e+001    1.41588447653430e+000
 1.12008547008547e+001    1.42310469314079e+000
 1.12991452991453e+001    1.43032490974729e+000
 1.14017094017094e+001    1.43754512635379e+000
 1.15769230769231e+001    1.45198555956679e+000
 1.18461538461538e+001    1.47003610108303e+000
 1.20384615384615e+001    1.48447653429603e+000
 1.21538461538462e+001    1.49530685920578e+000
 1.22692307692308e+001    1.50252707581227e+000
 1.24230769230769e+001    1.51335740072202e+000
 1.25384615384615e+001    1.52057761732852e+000
 1.26923076923077e+001    1.52779783393502e+000
 1.28461538461538e+001    1.53501805054152e+000
 1.30000000000000e+001    1.54223826714801e+000
 1.31923076923077e+001    1.54945848375451e+000
 1.32991452991453e+001    1.55667870036101e+000
 1.37991452991453e+001    1.56670677898115e+000
 1.39017094017094e+001    1.56670677898115e+000
 1.40000000000000e+001    1.56389891696751e+000
 1.40982905982906e+001    1.56028880866426e+000
 1.42008547008547e+001    1.55748094665062e+000
 1.42991452991453e+001    1.55306859205776e+000
 1.44017094017094e+001    1.54584837545126e+000
 1.45000000000000e+001    1.53622141997593e+000
 1.45982905982906e+001    1.52458884877657e+000
 1.47008547008547e+001    1.51576413959085e+000
 1.47991452991453e+001    1.49651022864019e+000
 1.49017094017094e+001    1.48487765744083e+000
 1.50000000000000e+001    1.45720016044926e+000
 1.50982905982906e+001    1.42631367829924e+000
 1.52008547008547e+001    1.40064179703169e+000
 1.52991452991453e+001    1.36895306859206e+000
 1.54017094017094e+001    1.34488567990373e+000
 1.55000000000000e+001    1.31239470517449e+000
 1.55982905982906e+001    1.28511833132772e+000
 1.57008547008547e+001    1.26987565182511e+000
 1.57991452991453e+001    1.24580826313678e+000
 1.59017094017094e+001    1.23417569193742e+000
 1.60000000000000e+001    1.21572402727637e+000
 1.60982905982906e+001    1.19767348576013e+000
 1.62008547008547e+001    1.18724428399519e+000
 1.64017094017094e+001    1.16718812675491e+000
 1.65000000000000e+001    1.15234657039711e+000
 1.65982905982906e+001    1.13148816686723e+000
 1.65000000000000e+001    1.11985559566787e+000
 1.60769230769231e+001    1.10541516245487e+000
 1.60000000000000e+001    1.10902527075812e+000
 1.59230769230769e+001    1.11263537906137e+000
 1.57991452991453e+001    1.11263537906137e+000
 1.54017094017094e+001    1.11263537906137e+000
 1.52991452991453e+001    1.11624548736462e+000
 1.52307692307692e+001    1.11985559566787e+000
 1.47991452991453e+001    1.12346570397112e+000
 1.47008547008547e+001    1.13068592057762e+000
 1.45982905982906e+001    1.13068592057762e+000
 1.42008547008547e+001    1.14512635379061e+000
 1.40384615384615e+001    1.15234657039711e+000
 1.41153846153846e+001    1.15234657039711e+000
 1.37307692307692e+001    1.17039711191336e+000
 1.35000000000000e+001    1.18122743682310e+000
 1.36153846153846e+001    1.17761732851986e+000
 1.31538461538462e+001    1.19927797833935e+000
 1.30384615384615e+001    1.20649819494585e+000
 1.29230769230769e+001    1.21371841155235e+000
 1.26538461538462e+001    1.23176895306859e+000
 1.25769230769231e+001    1.24259927797834e+000
 1.24615384615385e+001    1.24620938628159e+000
 1.20769230769231e+001    1.26425992779783e+000
 1.20000000000000e+001    1.27148014440433e+000
 1.19230769230769e+001    1.27148014440433e+000
 1.15384615384615e+001    1.28592057761733e+000
 1.14230769230769e+001    1.28953068592058e+000
 1.12991452991453e+001    1.29273967107902e+000
 1.09017094017094e+001    1.29915764139591e+000
 1.07991452991453e+001    1.29955876454071e+000
 1.07008547008547e+001    1.29875651825110e+000
 1.02991452991453e+001    1.28592057761733e+000
 1.02307692307692e+001    1.28231046931408e+000
 1.00384615384615e+001    1.27509025270758e+000
 9.84615384615385e+000    1.26425992779783e+000
 9.69230769230769e+000    1.25703971119134e+000
 9.61538461538462e+000    1.24981949458484e+000
 9.38461538461539e+000    1.23537906137184e+000
 9.26923076923077e+000    1.22815884476534e+000
 9.19230769230769e+000    1.22093862815884e+000
 9.07692307692308e+000    1.21010830324910e+000
 8.96153846153846e+000    1.19927797833935e+000
 8.80769230769231e+000    1.18844765342960e+000
 8.69230769230769e+000    1.17761732851986e+000
 8.57692307692308e+000    1.16678700361011e+000
 8.42307692307692e+000    1.15234657039711e+000
 8.26923076923077e+000    1.13790613718412e+000
 8.19230769230769e+000    1.13068592057762e+000
 7.73076923076923e+000    1.08736462093863e+000
 7.40170940170940e+000    1.06209386281588e+000
 7.29914529914530e+000    1.05487364620939e+000
 7.03846153846154e+000    1.02238267148014e+000
 6.90170940170940e+000    1.00994785399118e+000
 6.61538461538462e+000    9.82671480144404e-001
 6.40170940170940e+000    9.61411953469715e-001
 6.23076923076923e+000    9.42960288808664e-001
 6.15384615384615e+000    9.32129963898917e-001
 6.07692307692308e+000    9.21299638989170e-001
 5.96153846153846e+000    9.14079422382671e-001
 5.88461538461539e+000    9.06859205776173e-001
 5.80769230769231e+000    8.99638989169675e-001
 5.76923076923077e+000    8.92418772563177e-001
 5.69230769230769e+000    8.85198555956679e-001
 5.57692307692308e+000    8.74368231046931e-001
 5.50000000000000e+000    8.63537906137184e-001
 5.38461538461539e+000    8.56317689530686e-001
 5.26923076923077e+000    8.45487364620939e-001
 5.19230769230769e+000    8.38267148014440e-001
 5.11538461538462e+000    8.27436823104693e-001
 5.03846153846154e+000    8.20216606498195e-001
 5.00000000000000e+000    8.12996389891697e-001
 4.92307692307692e+000    8.05776173285199e-001
 4.80769230769231e+000    7.94945848375451e-001
 4.69230769230769e+000    7.84115523465704e-001
 4.23076923076923e+000    7.29963898916967e-001
 4.11538461538462e+000    7.15523465703971e-001
 3.96153846153846e+000    7.01083032490975e-001
 3.80769230769231e+000    6.79422382671480e-001
 3.69230769230769e+000    6.72202166064982e-001
 3.53846153846154e+000    6.57761732851986e-001
 3.42307692307692e+000    6.43321299638989e-001
 3.19230769230769e+000    6.18050541516246e-001
 3.03846153846154e+000    6.03610108303249e-001
 2.88461538461538e+000    5.85559566787004e-001
 2.65384615384615e+000    5.71119133574007e-001
 2.61538461538462e+000    5.78339350180505e-001
 2.76923076923077e+000    5.92779783393502e-001
 2.92307692307692e+000    6.03610108303249e-001
 3.07692307692308e+000    6.21660649819495e-001
 3.19230769230769e+000    6.32490974729242e-001
 3.34615384615385e+000    6.46931407942238e-001
 3.46153846153846e+000    6.57761732851986e-001
 3.57692307692308e+000    6.72202166064982e-001
 3.73076923076923e+000    6.86642599277978e-001
 3.90170940170940e+000    7.06698756518251e-001
 4.29914529914530e+000    7.44404332129964e-001
 4.29914529914530e+000    7.51624548736462e-001
 5.09829059829060e+000    8.34657039711191e-001
 5.79914529914530e+000    9.06859205776173e-001
 6.20085470085470e+000    9.46570397111913e-001
 6.30769230769231e+000    9.64620938628159e-001
 6.42307692307692e+000    9.71841155234657e-001
 6.50000000000000e+000    9.82671480144404e-001
 6.61538461538462e+000    9.93501805054152e-001
 6.70085470085470e+000    1.00272763738468e+000
 6.79914529914530e+000    1.01155234657040e+000
 6.90170940170940e+000    1.02238267148014e+000
 7.00000000000000e+000    1.02960288808664e+000
 7.09829059829060e+000    1.04765342960289e+000
 7.20085470085470e+000    1.05326915363016e+000
 7.29914529914530e+000    1.06770958684316e+000
 7.40170940170940e+000    1.07613317288408e+000
 7.50000000000000e+000    1.08696349779382e+000
 7.90170940170940e+000    1.12547131969515e+000
 8.09829059829060e+000    1.14873646209386e+000
 8.20085470085470e+000    1.15876454071400e+000
 8.29914529914530e+000    1.16799037304452e+000
 8.40170940170940e+000    1.17561171279583e+000
 8.50000000000000e+000    1.18804653028480e+000
 8.59829059829060e+000    1.19727236261532e+000
 8.70085470085470e+000    1.20569594865624e+000
 8.79914529914530e+000    1.21652627356598e+000
 8.90170940170940e+000    1.22334536702768e+000
 9.00000000000000e+000    1.23176895306859e+000
 9.09829059829060e+000    1.24620938628159e+000
 9.20085470085470e+000    1.25342960288809e+000
 9.29914529914530e+000    1.26425992779783e+000
 9.50000000000000e+000    1.28190934616927e+000
