 9.60130718954248e+000    1.39865319865320e+000
 9.80174291938998e+000    1.41436588103255e+000
 1.00021786492375e+001    1.43411896745230e+000
 1.01982570806100e+001    1.45162738496072e+000
 1.03986928104575e+001    1.46778900112233e+000
 1.05991285403050e+001    1.48395061728395e+000
 1.07995642701525e+001    1.50325476992144e+000
 1.10000000000000e+001    1.51762065095398e+000
 1.12004357298475e+001    1.53378226711560e+000
 1.14008714596950e+001    1.54814814814815e+000
 1.16013071895425e+001    1.56161616161616e+000
 1.18017429193900e+001    1.57687991021324e+000
 1.20021786492375e+001    1.59259259259259e+000
 1.21982570806100e+001    1.60516273849607e+000
 1.23986928104575e+001    1.61952861952862e+000
 1.25991285403050e+001    1.63254769921437e+000
 1.27995642701525e+001    1.64421997755331e+000
 1.30000000000000e+001    1.65499438832772e+000
 1.32004357298475e+001    1.66666666666667e+000
 1.34313725490196e+001    1.68282828282828e+000
 1.36666666666667e+001    1.69898989898990e+000
 1.38235294117647e+001    1.70707070707071e+000
 1.40021786492375e+001    1.71380471380471e+000
 1.41982570806100e+001    1.72861952861953e+000
 1.43986928104575e+001    1.73984287317621e+000
 1.45991285403050e+001    1.75465768799102e+000
 1.47995642701525e+001    1.76767676767677e+000
 1.50000000000000e+001    1.77979797979798e+000
 1.53137254901961e+001    1.80000000000000e+000
 1.55490196078431e+001    1.81212121212121e+000
 1.57843137254902e+001    1.82424242424242e+000
 1.60021786492375e+001    1.83950617283951e+000
 1.62156862745098e+001    1.84040404040404e+000
 1.64117647058824e+001    1.84848484848485e+000
 1.65294117647059e+001    1.84444444444444e+000
 1.65991285403050e+001    1.82603815937149e+000
 1.64901960784314e+001    1.80000000000000e+000
 1.61982570806100e+001    1.76049382716049e+000
 1.60588235294118e+001    1.73939393939394e+000
 1.58627450980392e+001    1.71919191919192e+000
 1.58017429193900e+001    1.70796857463524e+000
 1.56274509803922e+001    1.69090909090909e+000
 1.54008714596950e+001    1.65679012345679e+000
 1.52745098039216e+001    1.63838383838384e+000
 1.51176470588235e+001    1.61414141414141e+000
 1.50000000000000e+001    1.59797979797980e+000
 1.48823529411765e+001    1.58181818181818e+000
 1.47254901960784e+001    1.55757575757576e+000
 1.45991285403050e+001    1.54590347923681e+000
 1.45294117647059e+001    1.53333333333333e+000
 1.43725490196078e+001    1.50909090909091e+000
 1.42941176470588e+001    1.49696969696970e+000
 1.41982570806100e+001    1.48529741863075e+000
 1.39803921568627e+001    1.45252525252525e+000
 1.39019607843137e+001    1.44040404040404e+000
 1.38235294117647e+001    1.42424242424242e+000
 1.36013071895425e+001    1.39281705948373e+000
 1.35490196078431e+001    1.38787878787879e+000
 1.34313725490196e+001    1.37171717171717e+000
 1.32745098039216e+001    1.34747474747475e+000
 1.32004357298475e+001    1.33714927048260e+000
 1.30392156862745e+001    1.31919191919192e+000
 1.28823529411765e+001    1.29090909090909e+000
 1.27995642701525e+001    1.28417508417508e+000
 1.26862745098039e+001    1.26666666666667e+000
 1.25294117647059e+001    1.23838383838384e+000
 1.23986928104575e+001    1.22805836139169e+000
 1.22941176470588e+001    1.21414141414141e+000
 1.20980392156863e+001    1.18989898989899e+000
 1.20021786492375e+001    1.17283950617284e+000
 1.18627450980392e+001    1.16161616161616e+000
 1.17058823529412e+001    1.13737373737374e+000
 1.16013071895425e+001    1.12166105499439e+000
 1.15098039215686e+001    1.11313131313131e+000
 1.13137254901961e+001    1.08888888888889e+000
 1.12004357298475e+001    1.07452300785634e+000
 1.10784313725490e+001    1.06060606060606e+000
 1.08823529411765e+001    1.03636363636364e+000
 1.07995642701525e+001    1.03052749719416e+000
 1.06470588235294e+001    1.01212121212121e+000
 1.03986928104575e+001    9.84736251402918e-001
 1.02941176470588e+001    9.79797979797980e-001
 1.01982570806100e+001    9.71717171717172e-001
 9.94117647058824e+000    9.47474747474748e-001
 9.80174291938998e+000    9.26823793490460e-001
 9.74509803921569e+000    9.23232323232323e-001
 9.50980392156863e+000    9.07070707070707e-001
 9.40087145969499e+000    8.93153759820426e-001
 9.20043572984750e+000    8.69360269360269e-001
 9.00000000000000e+000    8.62626262626263e-001
 8.79956427015251e+000    8.49158249158249e-001
 8.72549019607843e+000    8.42424242424242e-001
 8.45098039215686e+000    8.30303030303030e-001
 8.39869281045752e+000    8.25813692480359e-001
 8.17647058823529e+000    8.14141414141414e-001
 7.90196078431373e+000    7.97979797979798e-001
 7.80174291938998e+000    7.91694725028058e-001
 7.62745098039216e+000    7.89898989898990e-001
 7.31372549019608e+000    7.69696969696970e-001
 7.20043572984750e+000    7.67452300785634e-001
 7.03921568627451e+000    7.61616161616162e-001
 6.72549019607843e+000    7.49494949494949e-001
 6.59912854030501e+000    7.42760942760943e-001
 6.45098039215686e+000    7.37373737373737e-001
 6.09803921568627e+000    7.21212121212121e-001
 6.00217864923747e+000    7.23456790123457e-001
 5.86274509803922e+000    7.17171717171717e-001
 5.70588235294118e+000    7.13131313131313e-001
 5.40087145969499e+000    7.02356902356902e-001
 5.27450980392157e+000    7.01010101010101e-001
 5.11764705882353e+000    6.96969696969697e-001
 4.79956427015251e+000    6.91133557800224e-001
 4.59912854030501e+000    6.88888888888889e-001
 4.19825708061002e+000    6.78563411896745e-001
 4.00217864923747e+000    6.75420875420875e-001
 3.60130718954248e+000    6.64646464646465e-001
 3.00000000000000e+000    6.56565656565657e-001
 2.79956427015251e+000    6.53872053872054e-001
 2.59912854030501e+000    6.53423120089787e-001
 2.45098039215686e+000    6.68686868686869e-001
 2.49019607843137e+000    6.88888888888889e-001
 2.59912854030501e+000    7.17171717171717e-001
 2.79956427015251e+000    7.46352413019080e-001
 3.00000000000000e+000    7.71941638608305e-001
 3.20043572984749e+000    7.92143658810325e-001
 3.40087145969499e+000    8.12345679012346e-001
 3.60130718954248e+000    8.32547699214366e-001
 3.80174291938998e+000    8.51851851851852e-001
 4.00217864923747e+000    8.75645342312009e-001
 4.19825708061002e+000    8.95847362514029e-001
 4.39869281045752e+000    9.13804713804714e-001
 4.59912854030501e+000    9.33557800224467e-001
 4.79956427015251e+000    9.52861952861953e-001
 5.00000000000000e+000    9.69472502805836e-001
 5.20043572984749e+000    9.89674523007856e-001
 5.40087145969499e+000    1.00718294051627e+000
 5.60130718954248e+000    1.02738496071829e+000
 5.80174291938998e+000    1.04579124579125e+000
 6.00217864923747e+000    1.06689113355780e+000
 6.19825708061002e+000    1.08664421997755e+000
 6.39869281045752e+000    1.10549943883277e+000
 6.59912854030501e+000    1.12570145903479e+000
 6.79956427015251e+000    1.14500561167228e+000
 7.00000000000000e+000    1.16386083052750e+000
 7.20043572984750e+000    1.18406285072952e+000
 7.40087145969499e+000    1.20426487093154e+000
 7.60130718954248e+000    1.22087542087542e+000
 7.80174291938998e+000    1.23748597081930e+000
 8.00217864923747e+000    1.25993265993266e+000
 8.19825708061002e+000    1.27654320987654e+000
 8.39869281045752e+000    1.29315375982043e+000
 8.59912854030501e+000    1.31290684624018e+000
 8.79956427015251e+000    1.32861952861953e+000
 9.00000000000000e+000    1.34657687991021e+000
 9.20043572984750e+000    1.36453423120090e+000
 9.40087145969499e+000    1.38024691358025e+000
