0.006607917	-3.352136687	1.402353344	-0.702142886
0.013215834	-0.668339728	0.18743963	0.006398766
0.019823752	-0.445145113	0.085258163	0.067452825
0.026431669	-0.501735216	0.081824854	0.057095079
0.033039586	-0.54105175	0.078485568	0.053072055
0.039647503	-0.570570099	0.075124042	0.051448285
0.046255421	-0.597133247	0.072379715	0.04971362
0.052863338	-0.620805733	0.070440121	0.049332812
0.059471255	-0.645694401	0.069417734	0.047912742
0.066079172	-0.668672415	0.068690494	0.047122755
0.07268709	-0.691715969	0.068490393	0.046181914
0.079295007	-0.714234337	0.068549331	0.045177634
0.085902924	-0.73596722	0.068798613	0.044391273
0.092510841	-0.757354768	0.06924305	0.043575375
0.099118759	-0.77818706	0.069808569	0.042833522
0.105726676	-0.798503575	0.070465522	0.042161288
0.112334593	-0.818419112	0.071199919	0.041511312
0.11894251	-0.837918227	0.071986358	0.040899754
0.125550428	-0.857019496	0.07279873	0.040323693
0.132158345	-0.875714852	0.073614624	0.039797664
0.138766262	-0.893939646	0.074408988	0.039366948
0.145374179	-0.911524287	0.075128367	0.039110775
0.151982097	-0.928813153	0.075831658	0.038820991
0.158590014	-0.946045984	0.076610445	0.038379979
0.165197931	-0.963118171	0.077466643	0.037869986
0.171805848	-0.979803719	0.078331106	0.037369671
0.178413765	-0.996085962	0.079251953	0.036890916
0.185021683	-1.011956474	0.080237685	0.0364375
0.1916296	-1.02739711	0.081253847	0.036012289
0.198237517	-1.042486418	0.082261414	0.0355845
0.204845434	-1.057247689	0.083223628	0.035129937
0.211453352	-1.071737969	0.084137811	0.034631458
0.218061269	-1.085944315	0.084984466	0.034084564
0.224669186	-1.099947862	0.085788074	0.033469608
0.231277103	-1.1137255	0.086551236	0.032793156
0.237885021	-1.127276478	0.087282745	0.032051628
0.244492938	-1.14057112	0.087972336	0.031250949
0.251100855	-1.153617548	0.088632758	0.030402472
0.257708772	-1.166361906	0.089247976	0.029518455
0.26431669	-1.178765343	0.089812365	0.028616189
0.270924607	-1.190785434	0.090298456	0.027713982
0.277532524	-1.20239322	0.090694631	0.026823646
0.284140441	-1.213571311	0.091000953	0.025958356
0.290748359	-1.224345353	0.091236512	0.025116901
0.297356276	-1.234682989	0.091393514	0.024302877
0.303964193	-1.244610658	0.091496852	0.023510895
0.31057211	-1.254130076	0.091564774	0.022734468
0.317180028	-1.26321256	0.091584938	0.021971309
0.323787945	-1.2719097	0.091581704	0.021204935
0.330395862	-1.280143873	0.091533561	0.020448937
0.337003779	-1.287929964	0.091428651	0.019698144
0.343611696	-1.295198608	0.091233705	0.018988285
0.350219614	-1.30187092	0.090919284	0.018361278
0.356827531	-1.308063442	0.090508197	0.017751218
0.363435448	-1.314114405	0.090096505	0.017004019
0.370043365	-1.319980105	0.089682494	0.016156579
0.376651283	-1.325541558	0.089268233	0.015282815
0.3832592	-1.330648025	0.088814633	0.014428278
0.389867117	-1.335285868	0.088312865	0.013594462
0.396475034	-1.339448495	0.087758672	0.012783559
0.403082952	-1.343186057	0.087186365	0.011981518
0.409690869	-1.346477985	0.086614482	0.011189293
0.416298786	-1.349210706	0.085997358	0.010424948
0.422906703	-1.35139584	0.085305979	0.009691921
0.429514621	-1.353002463	0.0845231	0.00900686
0.436122538	-1.354025294	0.083641033	0.008384324
0.442730455	-1.354438319	0.082669387	0.00783739
0.449338372	-1.354271962	0.081620353	0.007362672
0.45594629	-1.353500954	0.080496023	0.006964753
0.462554207	-1.352162173	0.079317171	0.006623344
0.469162124	-1.350279196	0.078085987	0.006328438
0.475770041	-1.347845871	0.076802916	0.006080326
0.482377959	-1.344868846	0.075450626	0.005868444
0.488985876	-1.341396651	0.074041208	0.005691525
0.495593793	-1.337519547	0.072632447	0.005543215
0.50220171	-1.33319545	0.071279176	0.00542779
0.508809627	-1.32831569	0.06989253	0.005339101
0.515417545	-1.322831038	0.068434664	0.00531469
0.522025462	-1.316733567	0.066904955	0.005376992
0.528633379	-1.310043609	0.065310324	0.00553173
0.535241296	-1.302735252	0.0636567	0.005792244
0.541849214	-1.294858884	0.06196121	0.006140769
0.548457131	-1.286427379	0.060230916	0.006573994
0.555065048	-1.277481694	0.05847801	0.007067324
0.561672965	-1.268082634	0.056717538	0.007607563
0.568280883	-1.258286235	0.054971895	0.008173373
0.5748888	-1.248142873	0.053258486	0.008745494
0.581496717	-1.237656787	0.05156888	0.009319005
0.588104634	-1.226868912	0.049901655	0.009885316
0.594712552	-1.215734064	0.048236139	0.010463316
0.601320469	-1.204280164	0.046585663	0.011060362
0.607928386	-1.192518379	0.04495312	0.011677637
0.614536303	-1.180426203	0.04333711	0.012328463
0.621144221	-1.167977014	0.041729702	0.013025933
0.627752138	-1.155190191	0.040129014	0.013763345
0.634360055	-1.142075718	0.0385155	0.014531887
0.640967972	-1.12870121	0.036901799	0.015331332
0.64757589	-1.11510942	0.035288581	0.016151294
0.654183807	-1.101384788	0.033697768	0.016983278
0.660791724	-1.087572045	0.032184135	0.017829177
0.667399641	-1.073709971	0.030817043	0.018652271
0.674007558	-1.059708818	0.029550476	0.019445683
0.680615476	-1.045391922	0.028293213	0.020239181
0.687223393	-1.030769081	0.027023479	0.021045021
0.69383131	-1.015980443	0.025803042	0.021864792
0.700439227	-1.001071085	0.024637047	0.022722297
0.707047145	-0.985955771	0.023484305	0.023614294
0.713655062	-0.970595544	0.022327719	0.024548667
0.720262979	-0.955046739	0.021171582	0.02550917
0.726870896	-0.939456325	0.020054291	0.026460819
0.733478814	-0.923892539	0.018973307	0.027343102
0.740086731	-0.908593903	0.017978561	0.028102645
0.746694648	-0.89367736	0.017089539	0.028693205
0.753302565	-0.87908197	0.016262597	0.029111292
0.759910483	-0.864852039	0.015504087	0.029388486
0.7665184	-0.85081427	0.014773642	0.029602513
0.773126317	-0.836738285	0.01399564	0.029829549
0.779734234	-0.822551188	0.013161758	0.030155635
0.786342152	-0.808139027	0.012283736	0.03064238
0.792950069	-0.793333269	0.011339052	0.031311687
0.799557986	-0.778149158	0.010305069	0.03221016
0.806165903	-0.7626054	0.009272887	0.033289649
0.812773821	-0.746442764	0.008201865	0.03445757
0.819381738	-0.73014841	0.007147612	0.035761016
0.825989655	-0.713785332	0.006194689	0.037146323
0.832597572	-0.697286099	0.005331676	0.038597585
0.839205489	-0.680785727	0.004612597	0.040055398
0.845813407	-0.664392834	0.004071681	0.041467508
0.852421324	-0.648248381	0.00371112	0.042774042
0.859029241	-0.632478262	0.003505258	0.043920101
0.865637158	-0.617284744	0.00346018	0.044818115
0.872245076	-0.602906671	0.003567887	0.045374262
0.878852993	-0.589516579	0.003790385	0.04549915
0.88546091	-0.577204216	0.004111805	0.045154862
0.892068827	-0.565902828	0.004484644	0.044387474
0.898676745	-0.555378704	0.004851974	0.043314245
0.905284662	-0.545264535	0.005161254	0.042117031
0.911892579	-0.535154488	0.005360816	0.040985811
0.918500496	-0.524747636	0.005433351	0.040061192
0.925108414	-0.513829138	0.00536767	0.039446626
0.931716331	-0.502348568	0.005183356	0.03915787
0.938324248	-0.490294995	0.004896421	0.039204867
0.944932165	-0.47767483	0.004531532	0.039580067
0.951540083	-0.464546597	0.004110611	0.040256141
0.958148	-0.451053917	0.003651207	0.041167183
0.964755917	-0.437353957	0.003172504	0.042244332
0.971363834	-0.42360176	0.002689584	0.043416507
0.977971752	-0.409919425	0.002212646	0.044636923
0.984579669	-0.396388399	0.001750147	0.045872725
0.991187586	-0.383050257	0.001304532	0.047112196
0.997795503	-0.369947335	0.000880491	0.048337871
1.00440342	-0.357114739	0.000483694	0.04953497
1.011011338	-0.344561432	0.000118346	0.050702121
1.017619255	-0.332325224	-0.000213463	0.051844717
1.024227172	-0.320335356	-0.00049396	0.052961781
1.030835089	-0.308592376	-0.000720564	0.054072875
1.037443007	-0.297065523	-0.000892904	0.055190637
1.044050924	-0.285813745	-0.000992863	0.05628378
1.050658841	-0.27481831	-0.001021703	0.057347815
1.057266758	-0.264083303	-0.000968225	0.05836273
1.063874676	-0.253690301	-0.000834638	0.059314825
1.070482593	-0.243729428	-0.000619265	0.060156761
1.07709051	-0.23420595	-0.000331731	0.060870233
1.083698427	-0.225187405	1.84E-05	0.06142598
1.090306345	-0.216768857	0.000419721	0.06180305
1.096914262	-0.208980993	0.000857217	0.061977769
1.103522179	-0.201839657	0.001310601	0.061951628
1.110130096	-0.195273373	0.001761614	0.061750081
1.116738014	-0.189278349	0.002201918	0.061383579
1.123345931	-0.183787166	0.00262681	0.060898308
1.129953848	-0.178655508	0.003026562	0.060357079
1.136561765	-0.173787079	0.00339191	0.059801255
1.143169683	-0.169124078	0.003728931	0.059263528
1.1497776	-0.164574462	0.004033981	0.058783751
1.156385517	-0.160141017	0.00431588	0.058369991
1.162993434	-0.155801763	0.00457636	0.058025124
1.169601352	-0.151555585	0.004816357	0.057751348
1.176209269	-0.147397682	0.005037701	0.057550773
1.182817186	-0.143356044	0.005250025	0.057415822
1.189425103	-0.139463984	0.005454831	0.057336153
1.19603302	-0.135751237	0.005650207	0.057286935
1.202640938	-0.132269893	0.005837152	0.057249629
1.209248855	-0.129042858	0.00601644	0.057218328
1.215856772	-0.126091113	0.006190586	0.05718816
1.222464689	-0.123435193	0.006365804	0.057156474
1.229072607	-0.121059027	0.006534261	0.057121399
1.235680524	-0.119001659	0.006696086	0.057069266
1.242288441	-0.117266402	0.006849753	0.056998837
1.248896358	-0.115863007	0.006996762	0.056909863
1.255504276	-0.114787062	0.007137915	0.056807329
1.262112193	-0.114041225	0.007274303	0.0566939
1.26872011	-0.113619765	0.007404409	0.056571194
1.275328027	-0.113530293	0.007529889	0.056437941
1.281935945	-0.11377277	0.007648718	0.056297927
1.288543862	-0.114342881	0.00776131	0.0561526
1.295151779	-0.11524291	0.007867728	0.056002766
1.301759696	-0.116473666	0.007960697	0.055858346
1.308367614	-0.118037146	0.008043191	0.05571812
1.314975531	-0.11992919	0.008120542	0.055581676
1.321583448	-0.122170357	0.008197788	0.055445663
1.328191365	-0.124758523	0.00826764	0.055318919
1.334799283	-0.127684616	0.008342681	0.05519529
1.3414072	-0.130898106	0.008424756	0.055092292
1.348015117	-0.134480467	0.008528594	0.054986002
1.354623034	-0.138339564	0.008638743	0.054894261
1.361230951	-0.142406791	0.008762079	0.054780707
1.367838869	-0.146738196	0.008933744	0.054647079
1.374446786	-0.151378682	0.009131375	0.054523414
1.381054703	-0.156311794	0.009347611	0.054412118
1.38766262	-0.161592007	0.009588752	0.054285718
1.394270538	-0.167287206	0.009852227	0.054110552
1.400878455	-0.173470283	0.010130178	0.05385129
1.407486372	-0.180178387	0.010417662	0.053492053
1.414094289	-0.187402226	0.010709854	0.053039267
1.420702207	-0.195093722	0.011005612	0.052517744
1.427310124	-0.203182623	0.011301679	0.05196028
1.433918041	-0.211612165	0.01160064	0.051392641
1.440525958	-0.220335477	0.011902662	0.050837544
1.447133876	-0.229318589	0.012211992	0.050307208
1.453741793	-0.238537425	0.012529023	0.049810358
1.46034971	-0.247984392	0.012856429	0.049345939
1.466957627	-0.257665238	0.013195979	0.048907939
1.473565545	-0.267582448	0.013550549	0.048496025
1.480173462	-0.277743933	0.013920948	0.048099937
1.486781379	-0.288158265	0.014310956	0.047717684
1.493389296	-0.298797344	0.014717415	0.047351935
1.499997214	-0.309699184	0.015144798	0.046988434
1.506605131	-0.320852698	0.015594868	0.046629393
1.513213048	-0.332268083	0.016065439	0.046266963
1.519820965	-0.343921624	0.016559087	0.045913856
1.526428882	-0.355812746	0.017076691	0.04556934
1.5330368	-0.367946181	0.01761879	0.0452315
1.539644717	-0.38030327	0.018189597	0.044912862
1.546252634	-0.39288419	0.018785818	0.044608127
1.552860551	-0.40565505	0.019412233	0.044324575
1.559468469	-0.418607789	0.020066431	0.044056739
1.566076386	-0.431770531	0.020752139	0.043782286
1.572684303	-0.445153956	0.021475858	0.043490014
1.57929222	-0.458756147	0.022239929	0.043170142
1.585900138	-0.472574563	0.023035505	0.042815274
1.592508055	-0.486593758	0.023879866	0.042410241
1.599115972	-0.500859582	0.024769866	0.041967277
1.605723889	-0.515296873	0.025671644	0.041518924
1.612331807	-0.529917816	0.026582026	0.041060891
1.618939724	-0.544692015	0.027503634	0.040597875
1.625547641	-0.559601676	0.028441696	0.04013104
1.632155558	-0.574634153	0.029406708	0.039647917
1.638763476	-0.589779655	0.030405483	0.039149755
1.645371393	-0.605048996	0.031407184	0.038657169
1.65197931	-0.620394183	0.032413576	0.038180309
1.658587227	-0.635795711	0.033422676	0.037724764
1.665195145	-0.651221585	0.03443743	0.037297419
1.671803062	-0.666684575	0.035449474	0.036897
1.678410979	-0.682145373	0.036459817	0.03654108
1.685018896	-0.697569947	0.037461631	0.036238011
1.691626813	-0.712910797	0.038463171	0.036002365
1.698234731	-0.728124156	0.039450942	0.035849479
1.704842648	-0.743173954	0.040429485	0.035795117
1.711450565	-0.758103786	0.041396604	0.035806318
1.718058482	-0.773024686	0.042388983	0.03580536
1.7246664	-0.788165377	0.043408616	0.035704198
1.731274317	-0.803586209	0.044454774	0.035481681
1.737882234	-0.819129956	0.045515459	0.03521843
1.744490151	-0.834609713	0.04657174	0.034989272
1.751098069	-0.850079453	0.04764092	0.034759491
1.757705986	-0.865565732	0.048730981	0.034499999
1.764313903	-0.881061257	0.049848071	0.034203726
1.77092182	-0.896545871	0.050989257	0.033866932
1.777529738	-0.911991804	0.05216217	0.033496714
1.784137655	-0.927358164	0.053348491	0.033116758
1.790745572	-0.942666679	0.054517033	0.032738104
1.797353489	-0.957842811	0.055659099	0.032379233
1.803961407	-0.972911912	0.056771503	0.032033102
1.810569324	-0.987813053	0.057854518	0.03172146
1.817177241	-1.002547987	0.058899634	0.031443567
1.823785158	-1.01710214	0.059921256	0.031204623
1.830393076	-1.031419884	0.060932776	0.031011838
1.837000993	-1.045491656	0.061928573	0.030897527
1.84360891	-1.059277373	0.06290994	0.030896829
1.850216827	-1.072718189	0.063914113	0.031026962
1.856824744	-1.085702607	0.065045229	0.03114211
1.863432662	-1.098367186	0.066250966	0.031049819
1.870040579	-1.111136853	0.067714617	0.030703208
1.876648496	-1.12353286	0.069160478	0.030336174
1.883256413	-1.135542921	0.070566743	0.030000717
1.889864331	-1.147455355	0.072084509	0.029630734
1.896472248	-1.159153141	0.073625972	0.029184767
1.903080165	-1.170593428	0.075054225	0.02862639
1.909688082	-1.181977823	0.076426864	0.027933144
1.916296	-1.193443372	0.077810825	0.027081939
1.922903917	-1.204979503	0.079209299	0.026067279
1.929511834	-1.216483058	0.080574077	0.024884236
1.936119751	-1.227828813	0.081821437	0.023545079
1.942727669	-1.239153602	0.083023917	0.022067044
1.949335586	-1.250475487	0.084254012	0.020485253
1.955943503	-1.261610889	0.085459779	0.018843779
1.96255142	-1.2723344	0.086552971	0.01717228
1.969159338	-1.282668712	0.08754868	0.015494049
1.975767255	-1.292690912	0.088518478	0.013830762
1.982375172	-1.302296919	0.089419086	0.012184549
1.988983089	-1.311380054	0.090197569	0.010558847
1.995591007	-1.319999698	0.090859004	0.008951597
2.002198924	-1.328209912	0.091446144	0.007359332
2.008806841	-1.336045516	0.091985086	0.005772786
2.015414758	-1.343469787	0.09247139	0.004197008
2.022022675	-1.350405199	0.092875572	0.002648375
2.028630593	-1.356832906	0.093186041	0.001130322
2.03523851	-1.362799031	0.093429155	-0.000366417
2.041846427	-1.368215708	0.093575865	-0.001806235
2.048454344	-1.373063145	0.093628264	-0.003180994
2.055062262	-1.377313996	0.093587099	-0.004483881
2.061670179	-1.380927387	0.093438981	-0.005698272
2.068278096	-1.383853296	0.09317204	-0.006803767
2.074886013	-1.386031049	0.092777349	-0.007773519
2.081493931	-1.387446969	0.092254025	-0.00860401
2.088101848	-1.388075069	0.091605773	-0.009287277
2.094709765	-1.387924788	0.090844398	-0.009820969
2.101317682	-1.386930046	0.089946829	-0.010186289
2.1079256	-1.385144911	0.088938003	-0.010407475
2.114533517	-1.38258317	0.087819956	-0.010488888
2.121141434	-1.379320252	0.086618409	-0.01045632
2.127749351	-1.375395992	0.085346161	-0.010332389
2.134357269	-1.370859091	0.084017285	-0.010127319
2.140965186	-1.365657238	0.082617431	-0.00981703
2.147573103	-1.359858857	0.081174371	-0.00942434
2.15418102	-1.353412252	0.079662307	-0.008926819
2.160788938	-1.346393285	0.07811111	-0.008354911
2.167396855	-1.338867749	0.076534697	-0.00773114
2.174004772	-1.330858606	0.074940042	-0.007058573
2.180612689	-1.322352375	0.07331818	-0.006324852
2.187220606	-1.313359267	0.071673744	-0.005533057
2.193828524	-1.303915784	0.070013662	-0.004690806
2.200436441	-1.294061662	0.068345932	-0.003810624
2.207044358	-1.283789163	0.066670375	-0.002885864
2.213652275	-1.273150412	0.064997724	-0.001933492
2.220260193	-1.262156417	0.063328885	-0.000951847
2.22686811	-1.250822048	0.061665783	5.42E-05
2.233476027	-1.239199282	0.060017588	0.001070795
2.240083944	-1.227300198	0.058385154	0.002095804
2.246691862	-1.215154475	0.056772479	0.003125578
2.253299779	-1.20278014	0.055184645	0.004154101
2.259907696	-1.190188047	0.053621253	0.005181263
2.266515613	-1.177414583	0.052088251	0.006200318
2.273123531	-1.164411816	0.050572414	0.007227981
2.279731448	-1.151238272	0.049085073	0.008250211
2.286339365	-1.137879574	0.047620803	0.00927363
2.292947282	-1.12435	0.046172445	0.010294834
2.2995552	-1.110685976	0.044749288	0.011303766
2.306163117	-1.096913504	0.04335892	0.012297136
2.312771034	-1.083056685	0.042008672	0.013269699
2.319378951	-1.069106329	0.040690517	0.01422474
2.325986869	-1.05507132	0.039401233	0.015159299
2.332594786	-1.040926625	0.03811677	0.016079866
2.339202703	-1.026707784	0.036834098	0.016992255
2.34581062	-1.012412065	0.035528773	0.017911286
2.352418537	-0.998210919	0.034308133	0.018835505
2.359026455	-0.983944119	0.033106548	0.019762581
2.365634372	-0.969626588	0.031895465	0.020704462
2.372242289	-0.955272895	0.03068947	0.021666473
2.378850206	-0.940981701	0.029577168	0.022609859
2.385458124	-0.926564458	0.028527592	0.023517426
2.392066041	-0.911996527	0.027447976	0.024402075
2.398673958	-0.897209299	0.026320843	0.025333531
2.405281875	-0.882334918	0.025226731	0.026324058
2.411889793	-0.867326059	0.02419927	0.027392916
2.41849771	-0.852160129	0.023228841	0.028526046
2.425105627	-0.836835324	0.022307908	0.029701879
2.431713544	-0.821472562	0.021461212	0.030861963
2.438321462	-0.806298342	0.020737106	0.031909126
2.444929379	-0.791548108	0.02016227	0.032726212
2.451537296	-0.777412954	0.019716576	0.03321279
2.458145213	-0.764028704	0.01939296	0.033325843
2.464753131	-0.751368569	0.019138831	0.033107844
2.471361048	-0.739318827	0.018943368	0.032669802
2.477968965	-0.727506949	0.018717247	0.032165656
2.484576882	-0.715538028	0.01838272	0.031758368
2.4911848	-0.70323884	0.01794273	0.031559443
2.497792717	-0.69034494	0.017352845	0.031647447
2.504400634	-0.676858042	0.016608009	0.032025309
2.511008551	-0.662868939	0.015750361	0.032699886
2.517616468	-0.648471857	0.014840637	0.033598967
2.524224386	-0.633402849	0.013865461	0.034648733
2.530832303	-0.618139592	0.012819387	0.035798821
2.53744022	-0.602932286	0.011867372	0.037046521
2.544048137	-0.587690911	0.010979788	0.038354788
2.550656055	-0.572410777	0.010169573	0.039699141
2.557263972	-0.557176489	0.009459403	0.041037911
2.563871889	-0.542173387	0.008907726	0.042320512
2.570479806	-0.527401362	0.00849784	0.043523237
2.577087724	-0.513074897	0.00825407	0.044580641
2.583695641	-0.49929254	0.00816421	0.045433529
2.590303558	-0.486209855	0.008206542	0.046002158
2.596911475	-0.473987568	0.008360687	0.046203346
2.603519393	-0.462729025	0.008594999	0.046000776
2.61012731	-0.452436519	0.008880128	0.045409673
2.616735227	-0.442852993	0.009157843	0.04454508
2.623343144	-0.433775226	0.009388979	0.043526572
2.629951062	-0.424810165	0.00953042	0.042534734
2.636558979	-0.415604846	0.009547364	0.04172836
2.643166896	-0.405916568	0.009430314	0.04121842
2.649774813	-0.395598768	0.009180524	0.041069226
2.656382731	-0.38459851	0.008811709	0.041291111
2.662990648	-0.373054149	0.008350417	0.041821967
2.669598565	-0.361231747	0.007825984	0.042535813
2.676206482	-0.349473219	0.00726659	0.04331074
2.682814399	-0.33761086	0.006689469	0.04427899
2.689422317	-0.325343478	0.006092449	0.045544659
2.696030234	-0.312913347	0.005496404	0.046954283
2.702638151	-0.300742167	0.004937972	0.048309445
2.709246068	-0.289077458	0.004433127	0.049520573
2.715853986	-0.277876379	0.003974072	0.050629026
2.722461903	-0.266992742	0.003562273	0.051704202
2.72906982	-0.256311744	0.00320133	0.052786692
2.735677737	-0.245832941	0.002886989	0.053891388
2.742285655	-0.235567	0.002631434	0.05499429
2.748893572	-0.225549265	0.002441382	0.056071462
2.755501489	-0.215881339	0.00233128	0.057095673
2.762109406	-0.206557727	0.002291575	0.058049844
2.768717324	-0.197617801	0.002334221	0.058900648
2.775325241	-0.189141069	0.002468823	0.059628746
2.781933158	-0.181145102	0.002676168	0.060216024
2.788541075	-0.173723568	0.002948806	0.060625255
2.795148993	-0.166891415	0.003267141	0.06085417
2.80175691	-0.160638252	0.003623577	0.060900521
2.808364827	-0.155014564	0.004016914	0.060736228
2.814972744	-0.149976157	0.004430076	0.060373693
2.821580662	-0.145464706	0.00483655	0.059853574
2.828188579	-0.141452929	0.005234741	0.059210582
2.834796496	-0.137816377	0.005614389	0.058490324
2.841404413	-0.134463119	0.005961035	0.057736882
2.84801233	-0.131286909	0.006271252	0.057006463
2.854620248	-0.128192388	0.006549915	0.056339976
2.861228165	-0.125218476	0.006803314	0.055734628
2.867836082	-0.122271947	0.007024739	0.055207522
2.874443999	-0.119403205	0.007216989	0.054747125
2.881051917	-0.116641401	0.007385617	0.054352505
2.887659834	-0.113969444	0.007540846	0.054032866
2.894267751	-0.111376914	0.007680042	0.05377991
2.900875668	-0.108904336	0.007801586	0.0535773
2.907483586	-0.106575313	0.007909153	0.053423717
2.914091503	-0.104406862	0.008003958	0.053316383
2.92069942	-0.102443256	0.008100695	0.053246568
2.927307337	-0.100673026	0.008192479	0.053210432
2.933915255	-0.099126082	0.008267869	0.053191003
2.940523172	-0.097821443	0.008322473	0.05318948
2.947131089	-0.096788403	0.00836344	0.05319306
2.953739006	-0.096040981	0.008390176	0.053200031
2.960346924	-0.095595081	0.008405477	0.05320985
2.966954841	-0.095473851	0.008407413	0.053223289
2.973562758	-0.095660742	0.008398443	0.053242119
2.980170675	-0.096152795	0.008388361	0.053266115
2.986778593	-0.096929628	0.008382331	0.053306524
2.99338651	-0.097964483	0.0083824	0.053372492
2.999994427	-0.099268102	0.008408849	0.053452003
3.006602344	-0.100773015	0.00844357	0.053527907
3.013210261	-0.102463054	0.00852971	0.05361273
3.019818179	-0.104397044	0.008654705	0.053716261
3.026426096	-0.106583315	0.008824219	0.053820155
3.033034013	-0.109053991	0.009018185	0.053929432
3.03964193	-0.111898761	0.00923421	0.053998396
3.046249848	-0.115228725	0.009460346	0.053976071
3.052857765	-0.119154363	0.009691469	0.053809536
3.059465682	-0.123699014	0.009919785	0.053489517
3.066073599	-0.128839607	0.010139452	0.05303515
3.072681517	-0.134500125	0.010345218	0.052478323
3.079289434	-0.140587303	0.010539584	0.051870229
3.085897351	-0.147019336	0.010725529	0.051250241
3.092505268	-0.153743124	0.010904961	0.050646828
3.099113186	-0.160722694	0.011078604	0.050080285
3.105721103	-0.167939467	0.011249534	0.049568808
3.11232902	-0.175390866	0.011415558	0.049125971
3.118936937	-0.183049621	0.011580754	0.048751982
3.125544855	-0.190889049	0.011747924	0.048449188
3.132152772	-0.198929602	0.011930846	0.04820532
3.138760689	-0.207184349	0.012125001	0.048019805
3.145368606	-0.215656261	0.012334412	0.047882321
3.151976524	-0.224390267	0.012575316	0.047763294
3.158584441	-0.233435533	0.012850226	0.047649576
3.165192358	-0.242754264	0.013147285	0.047543506
3.171800275	-0.252305409	0.013466043	0.0474162
3.178408192	-0.2620643	0.013826419	0.047265811
3.18501611	-0.272064884	0.014239024	0.047092456
3.191624027	-0.282310764	0.014684604	0.046916534
3.198231944	-0.292831574	0.015164721	0.046729277
3.204839861	-0.303658714	0.01567996	0.046509847
3.211447779	-0.314869984	0.01622656	0.046218582
3.218055696	-0.326501189	0.016799098	0.045839435
3.224663613	-0.338550153	0.01739055	0.045379159
3.23127153	-0.350987487	0.018000973	0.044846993
3.237879448	-0.363745356	0.018621728	0.044274753
3.244487365	-0.376752967	0.019257772	0.043696333
3.251095282	-0.389933017	0.019906411	0.043145696
3.257703199	-0.403214879	0.020565021	0.042655242
3.264311117	-0.416580406	0.021234915	0.042244772
3.270919034	-0.430010501	0.02192264	0.041931324
3.277526951	-0.443514534	0.02262779	0.041693615
3.284134868	-0.457141546	0.023358337	0.041489086
3.290742786	-0.470921642	0.024132668	0.041260107
3.297350703	-0.484923502	0.024963947	0.040986224
3.30395862	-0.499160375	0.025835898	0.040677953
3.310566537	-0.513610582	0.02674306	0.040336635
3.317174455	-0.528272769	0.02768302	0.039956502
3.323782372	-0.543146124	0.028649195	0.039533286
3.330390289	-0.558182304	0.029640997	0.039071971
3.336998206	-0.573358495	0.030668834	0.038571754
3.343606124	-0.588686854	0.031709599	0.038064467
3.350214041	-0.604120901	0.032749196	0.037557606
3.356821958	-0.619646164	0.033784321	0.03705978
3.363429875	-0.635233408	0.034820036	0.036576304
3.370037792	-0.650868929	0.035857199	0.036109924
3.37664571	-0.666527661	0.036892551	0.035668379
3.383253627	-0.682212714	0.037922697	0.035256194
3.389861544	-0.697866045	0.038945017	0.034892989
3.396469461	-0.713447615	0.039966021	0.034584993
3.403077379	-0.72891721	0.040979624	0.034352649
3.409685296	-0.74422758	0.041983512	0.034215067
3.416293213	-0.759316014	0.042971838	0.034186913
3.42290113	-0.774134414	0.043968679	0.034276432
3.429509048	-0.788778088	0.044946752	0.034446989
3.436116965	-0.803671084	0.045940629	0.034486191
3.442724882	-0.818875627	0.046965381	0.034381691
3.449332799	-0.834211912	0.048007515	0.034227765
3.455940717	-0.849642316	0.04905997	0.03403
3.462548634	-0.865120452	0.050123779	0.033796164
3.469156551	-0.880577903	0.051187215	0.033552982
3.475764468	-0.896033081	0.052268939	0.033277079
3.482372386	-0.911429782	0.053395539	0.032960183
3.488980303	-0.926813165	0.054555401	0.032603587
3.49558822	-0.942113858	0.05572005	0.032241239
3.502196137	-0.957334271	0.056877674	0.031877356
3.508804055	-0.972410243	0.058020312	0.031526627
3.515411972	-0.987401036	0.059142842	0.031181154
3.522019889	-1.002239942	0.060236682	0.030852812
3.528627806	-1.016896223	0.061295938	0.030550693
3.535235723	-1.031384964	0.062359844	0.030272598
3.541843641	-1.04563773	0.063394675	0.030062147
3.548451558	-1.059655582	0.064425876	0.029939752
3.555059475	-1.073392114	0.065486001	0.029914221
3.561667392	-1.086603471	0.066667265	0.029902624
3.56827531	-1.099067549	0.067844194	0.029907401
3.574883227	-1.111351526	0.069239974	0.029780653
3.581491144	-1.123469643	0.070632203	0.029502843
3.588099061	-1.135430821	0.07203286	0.029162146
3.594706979	-1.147306261	0.073553991	0.0288008
3.601314896	-1.158845215	0.075056505	0.028397399
3.607922813	-1.170131145	0.076442427	0.027872811
3.61453073	-1.181415392	0.077791163	0.027197659
3.621138648	-1.192818943	0.079170819	0.0263525
3.627746565	-1.204275265	0.080561078	0.025341641
3.634354482	-1.215670874	0.081903319	0.02415764
3.640962399	-1.226921485	0.08312137	0.022812066
3.647570317	-1.238194698	0.084324388	0.021319708
3.654178234	-1.249473748	0.085555001	0.019724623
3.660786151	-1.260532119	0.086754377	0.018066318
3.667394068	-1.271151685	0.087819009	0.016376511
3.674001986	-1.281395746	0.08880397	0.014685158
3.680609903	-1.291336868	0.089768891	0.013010137
3.68721782	-1.300824202	0.090647071	0.011354132
3.693825737	-1.309767457	0.091394792	0.009725613
3.700433654	-1.318241288	0.092026952	0.008119053
3.707041572	-1.32629839	0.092583883	0.006530749
3.713649489	-1.333983665	0.093098595	0.004947895
3.720257406	-1.341192254	0.093539662	0.003396282
3.726865323	-1.347932243	0.093903865	0.001863997
3.733473241	-1.354156035	0.094176721	0.000361832
3.740081158	-1.359862521	0.094362727	-0.001098356
3.746689075	-1.365015146	0.094454753	-0.002501738
3.753296992	-1.369602455	0.094457963	-0.003843566
3.75990491	-1.373597202	0.094363362	-0.00511521
3.766512827	-1.376917745	0.094152427	-0.006287057
3.773120744	-1.379521414	0.093815887	-0.007335255
3.779728661	-1.381370671	0.093350354	-0.008249285
3.786336579	-1.382456922	0.092761131	-0.00902213
3.792944496	-1.382737923	0.09204236	-0.00963506
3.799552413	-1.382187678	0.091193146	-0.010082721
3.80616033	-1.380810051	0.090219201	-0.010371281
3.812768248	-1.378667164	0.08914379	-0.010517819
3.819376165	-1.375710631	0.087945553	-0.010513534
3.825984082	-1.372112204	0.08668562	-0.010420336
3.832591999	-1.367857496	0.085355292	-0.010234937
3.839199917	-1.362960934	0.083959083	-0.009953406
3.845807834	-1.357432054	0.082508365	-0.009577614
3.852415751	-1.351302005	0.081004508	-0.009109316
3.859023668	-1.344535999	0.079445989	-0.008547444
3.865631585	-1.337234837	0.077854022	-0.007925663
3.872239503	-1.329476335	0.076250314	-0.007264894
3.87884742	-1.321232619	0.074627372	-0.006550876
3.885455337	-1.312482322	0.072975858	-0.005771892
3.892063254	-1.303274769	0.071301676	-0.004942379
3.898671172	-1.293649522	0.069624329	-0.00407333
3.905279089	-1.283604479	0.067936885	-0.003160412
3.911887006	-1.273195	0.066252831	-0.002222578
3.918494923	-1.262430943	0.064573539	-0.00125625
3.925102841	-1.251316008	0.062894947	-0.000262924
3.931710758	-1.239905429	0.061232384	0.00074384
3.938318675	-1.228201334	0.059583229	0.00176459
3.944926592	-1.216246853	0.057953269	0.002791171
3.95153451	-1.204051785	0.056346059	0.003818165
3.958142427	-1.191630608	0.054763051	0.004845405
3.964750344	-1.179013976	0.053207608	0.005868009
3.971358261	-1.166182191	0.05167613	0.006892613
3.977966179	-1.153154965	0.050161249	0.007921458
3.984574096	-1.139944053	0.048673442	0.008946299
3.991182013	-1.126549778	0.047201571	0.009974137
3.99778993	-1.113023274	0.045756049	0.010986525
4.004397848	-1.099388762	0.044343931	0.011981863
4.011005765	-1.085649342	0.042967564	0.012961841
4.017613682	-1.07182701	0.041628687	0.013920092
4.024221599	-1.057912717	0.040317825	0.014858734
4.030829516	-1.043896946	0.039014956	0.01577976
4.037437434	-1.029793357	0.037717914	0.01669286
4.044045351	-1.015613718	0.036394571	0.017610059
4.050653268	-1.001502833	0.035143756	0.018532341
4.057261185	-0.987348045	0.033923973	0.01946323
4.063869103	-0.973127863	0.032696651	0.020403942
4.07047702	-0.958870396	0.03147162	0.021368171
4.077084937	-0.944638553	0.030318167	0.022323566
4.083692854	-0.930345184	0.029263139	0.02322917
4.090300772	-0.915861128	0.028167496	0.024118636
4.096908689	-0.901164891	0.027023832	0.025046412
4.103516606	-0.886373695	0.025906838	0.026033733
4.110124523	-0.871452258	0.024855917	0.027096759
4.116732441	-0.856371485	0.023860949	0.028224157
4.123340358	-0.841129446	0.022917083	0.02939792
4.129948275	-0.825833237	0.022044809	0.03056191
4.136556192	-0.810695771	0.021291951	0.031625132
4.14316411	-0.79596872	0.020689307	0.032465878
4.149772027	-0.781827218	0.020214314	0.032984459
4.156379944	-0.768427925	0.01986468	0.033129804
4.162987861	-0.755773001	0.019588771	0.032935834
4.169595779	-0.743726453	0.019374198	0.032516973
4.176203696	-0.73191983	0.019132301	0.032019355
4.182811613	-0.720014802	0.018794896	0.031608464
4.18941953	-0.707766099	0.018346471	0.031403518
4.196027447	-0.694960416	0.017754072	0.031475544
4.202635365	-0.681524583	0.017004716	0.031843957
4.209243282	-0.667573558	0.016134268	0.032510327
4.215851199	-0.653188808	0.015208023	0.033410533
4.222459116	-0.638218269	0.014230955	0.03443128
4.229067034	-0.622980849	0.013179842	0.035583937
4.235674951	-0.607778372	0.01221241	0.036826882
4.242282868	-0.592530459	0.011312215	0.038137972
4.248890785	-0.577262893	0.010499961	0.039482912
4.255498703	-0.562028847	0.009788072	0.040824676
4.26210662	-0.546989262	0.009227733	0.042114228
4.268714537	-0.532211329	0.008813386	0.043316274
4.275322454	-0.517875249	0.008559853	0.044368077
4.281930372	-0.504091937	0.008458496	0.04520607
4.288538289	-0.491056636	0.00849192	0.045742639
4.295146206	-0.478878605	0.008630957	0.045910355
4.301754123	-0.467684112	0.00885268	0.045667571
4.308362041	-0.457424574	0.009118105	0.045049865
4.314969958	-0.447844367	0.009373262	0.044175435
4.321577875	-0.438710028	0.009575413	0.043173324
4.328185792	-0.429630247	0.009682915	0.0422231
4.33479371	-0.420266961	0.009663838	0.041478598
4.341401627	-0.410377711	0.009509474	0.041048314
4.348009544	-0.399851614	0.009224775	0.040981662
4.354617461	-0.388643661	0.008824192	0.041285235
4.361225378	-0.376873126	0.008333434	0.041907879
4.367833296	-0.364714144	0.007782276	0.042769065
4.374441213	-0.352436379	0.00719622	0.043741117
4.38104913	-0.34047273	0.006596291	0.044659139
4.387657047	-0.328713985	0.006004336	0.045645374
4.394264965	-0.316651029	0.00540672	0.046903995
4.400872882	-0.304366536	0.004817686	0.048339497
4.407480799	-0.292300196	0.00427031	0.049743707
4.414088716	-0.2807365	0.003778791	0.051005736
4.420696634	-0.269696278	0.003353223	0.052126808
4.427304551	-0.259049269	0.002997788	0.05318118
4.433912468	-0.248601032	0.002691275	0.054252904
4.440520385	-0.238361224	0.002447498	0.055336814
4.447128303	-0.228342232	0.0022705	0.056410765
4.45373622	-0.21860117	0.002165792	0.057442508
4.460344137	-0.209252614	0.002142507	0.058386131
4.466952054	-0.200344343	0.002210055	0.059200515
4.473559972	-0.191871569	0.00235328	0.059894306
4.480167889	-0.183919753	0.002577107	0.060443803
4.486775806	-0.176544029	0.002860921	0.060811363
4.493383723	-0.169724373	0.00318718	0.060999174
4.499991641	-0.163514104	0.003564337	0.060983527
4.506599558	-0.15792093	0.003975658	0.060771083
4.513207475	-0.152891688	0.004393315	0.060377764
4.519815392	-0.148402522	0.004803482	0.059825916
4.526423309	-0.144347794	0.005194999	0.059158639
4.533031227	-0.140697361	0.005568905	0.058422968
4.539639144	-0.13727774	0.005910352	0.057669799
4.546247061	-0.134023347	0.006215623	0.056937397
4.552854978	-0.130876851	0.006482356	0.05625877
4.559462896	-0.127817964	0.006723852	0.055651412
4.566070813	-0.124806973	0.006938301	0.055121082
4.57267873	-0.121858255	0.007124817	0.054660691
4.579286647	-0.118967952	0.007284486	0.054283365
4.585894565	-0.116139435	0.007431333	0.053990076
4.592502482	-0.113379066	0.007568151	0.053776179
4.599110399	-0.110723458	0.007688676	0.053615915
4.605718316	-0.10820487	0.007795913	0.053502448
4.612326234	-0.105857109	0.007893941	0.053427124
4.618934151	-0.103717272	0.007985079	0.053379743
4.625542068	-0.101799672	0.008079865	0.05336093
4.632149985	-0.100119554	0.008161387	0.053354066
4.638757903	-0.098693221	0.008220969	0.053358223
4.64536582	-0.097538518	0.008266183	0.053364277
4.651973737	-0.096676983	0.008297554	0.053371111
4.658581654	-0.096108577	0.008315118	0.053379259
4.665189572	-0.095869779	0.008317876	0.053388764
4.671797489	-0.095934648	0.008311124	0.053403614
4.678405406	-0.096306789	0.00830436	0.053425992
4.685013323	-0.096957631	0.008301181	0.053465928
4.69162124	-0.097866359	0.008305766	0.053532209
4.698229158	-0.099039134	0.00833625	0.053611204
4.704837075	-0.100376122	0.008367095	0.053686787
4.711444992	-0.1019289	0.008458933	0.053763542
4.718052909	-0.103712752	0.008604787	0.053854623
4.724660827	-0.105755167	0.008777457	0.053967704
4.731268744	-0.108089757	0.008975043	0.054080659
4.737876661	-0.1108059	0.00918968	0.054148197
4.744484578	-0.114022396	0.00941371	0.054115256
4.751092496	-0.117835005	0.009643313	0.053937672
4.757700413	-0.122270469	0.009869349	0.053608322
4.76430833	-0.127306788	0.010086407	0.053141334
4.770916247	-0.132854068	0.010289427	0.052581625
4.777524165	-0.138814986	0.010476796	0.051968713
4.784132082	-0.145116778	0.010654862	0.051349159
4.790739999	-0.151694366	0.010824638	0.050751735
4.797347916	-0.158517209	0.010990362	0.050194525
4.803955834	-0.165568852	0.011147732	0.049691713
4.810563751	-0.172850222	0.011299494	0.04925924
4.817171668	-0.180366426	0.011455012	0.048887468
4.823779585	-0.188070863	0.011612085	0.048585944
4.830387503	-0.195976208	0.011781781	0.048346285
4.83699542	-0.204102873	0.011961376	0.048165932
4.843603337	-0.212434636	0.012163119	0.048036508
4.850211254	-0.221013868	0.012397651	0.047936676
4.856819171	-0.229884595	0.01266971	0.047845982
4.863427089	-0.239035094	0.012958499	0.047761143
4.870035006	-0.248383162	0.01327495	0.047647321
4.876642923	-0.25797459	0.013640909	0.047510615
4.88325084	-0.267828278	0.014051624	0.047353845
4.889858758	-0.277938667	0.014498343	0.04718784
4.896466675	-0.288342073	0.01497834	0.046998592
4.903074592	-0.299092543	0.015492215	0.046761193
4.909682509	-0.310245447	0.016036102	0.046443462
4.916290427	-0.321829883	0.016600372	0.046033902
4.922898344	-0.33382853	0.017184199	0.045544539
4.929506261	-0.346203574	0.017783231	0.044992382
4.936114178	-0.358898974	0.01839281	0.044400911
4.942722096	-0.371829924	0.019015426	0.043810699
4.949330013	-0.384939835	0.019650573	0.04324479
4.95593793	-0.398146063	0.020296239	0.042737461
4.962545847	-0.411428257	0.020950929	0.042304865
4.969153765	-0.424770594	0.021622816	0.041959825
4.975761682	-0.438201972	0.022316318	0.041708178
4.982369599	-0.451690773	0.023026143	0.041527368
4.988977516	-0.465291193	0.023768862	0.041365711
4.995585434	-0.479100792	0.024566429	0.041154342
5.002193351	-0.493173491	0.025404907	0.040896636
5.008801268	-0.507454801	0.026278454	0.040603882
5.015409185	-0.522041929	0.027201703	0.040241617
5.022017102	-0.536828301	0.02815657	0.039839426
5.02862502	-0.551801156	0.029136471	0.039394515
5.035232937	-0.566946457	0.030157059	0.038896715
5.041840854	-0.582219893	0.031202267	0.03838573
5.048448771	-0.597639647	0.032249026	0.037863248
5.055056689	-0.613142928	0.033293298	0.037353976
5.061664606	-0.628730081	0.034332371	0.036853115
5.068272523	-0.64435749	0.035372118	0.036374183
5.07488044	-0.660027995	0.036414017	0.035911223
5.081488358	-0.675716584	0.037446555	0.03547875
5.088096275	-0.691411678	0.03847369	0.035082671
5.094704192	-0.707061804	0.039503275	0.03473281
5.101312109	-0.722606676	0.04052074	0.034453098
5.107920027	-0.738031248	0.041532023	0.034253083
5.114527944	-0.753265756	0.042530357	0.034155111
5.121135861	-0.76825903	0.043534488	0.034160575
5.127743778	-0.782978408	0.044522501	0.034302351
5.134351696	-0.797647058	0.045496987	0.034460011
5.140959613	-0.812661931	0.046500142	0.034433417
5.14756753	-0.827924908	0.047537427	0.034307553
5.154175447	-0.843323709	0.04858538	0.034122684
5.160783365	-0.858775097	0.049643393	0.033908411
5.167391282	-0.874237629	0.050702278	0.033671966
5.173999199	-0.889684673	0.051771409	0.03341745
5.180607116	-0.905087623	0.052868778	0.033122033
5.187215033	-0.920487801	0.054018835	0.032773178
5.193822951	-0.935818705	0.055178209	0.032413669
5.200430868	-0.951064878	0.05633642	0.032051005
5.207038785	-0.966211463	0.057491549	0.031692148
5.213646702	-0.981238782	0.05862116	0.031344318
5.22025462	-0.996142157	0.059728241	0.031007496
5.226862537	-1.010878762	0.060804771	0.030692056
5.233470454	-1.025428145	0.061863274	0.03040801
5.240078371	-1.039773942	0.062910231	0.030168102
5.246686289	-1.053871367	0.063939186	0.030015569
5.253294206	-1.067713816	0.064975358	0.029967245
5.259902123	-1.081179407	0.066116805	0.029970666
5.26651004	-1.093856495	0.067249972	0.030004155
5.273117958	-1.106190993	0.068552756	0.029943559
5.279725875	-1.118475917	0.069982578	0.029684424
5.286333792	-1.130505854	0.071359786	0.029350729
5.292941709	-1.142442994	0.072834228	0.029001823
5.299549627	-1.154131319	0.074363711	0.028624397
5.306157544	-1.165489928	0.075795558	0.028159207
5.312765461	-1.176744931	0.077151545	0.027554392
5.319373378	-1.1880929	0.078515947	0.026786011
5.325981296	-1.199523212	0.079904549	0.025850479
5.332589213	-1.210957615	0.081287254	0.024740687
5.33919713	-1.22226136	0.082558214	0.023465041
5.345805047	-1.233497205	0.083753305	0.022033307
5.352412964	-1.244783479	0.084976449	0.020477222
5.359020882	-1.255964765	0.086206041	0.018838723
5.365628799	-1.266785135	0.087341918	0.017156463
5.372236716	-1.277166801	0.088338307	0.01546373
5.378844633	-1.287255052	0.089326622	0.013777087
5.385452551	-1.296949534	0.090250362	0.012110448
5.392060468	-1.306122121	0.091056737	0.010470123
5.398668385	-1.314784628	0.09173534	0.008852736
5.405276302	-1.323014166	0.092323055	0.00725372
5.41188422	-1.330855496	0.092854794	0.005670043
5.418492137	-1.338283364	0.093335256	0.004098969
5.425100054	-1.345222802	0.093736637	0.002553958
5.431707971	-1.35166525	0.094052147	0.001036573
5.438315889	-1.357586602	0.094274866	-0.000442836
5.444923806	-1.362975191	0.094408371	-0.001873601
5.451531723	-1.367815182	0.094453279	-0.003248145
5.45813964	-1.372068627	0.094403997	-0.00455531
5.464747558	-1.375687739	0.094249328	-0.005778565
5.471355475	-1.378607717	0.093968807	-0.006888431
5.477963392	-1.380785424	0.093563455	-0.007865886
5.484571309	-1.382202308	0.093026025	-0.008704398
5.491179227	-1.382828394	0.092361618	-0.009391608
5.497787144	-1.382651987	0.091575948	-0.009920245
5.504395061	-1.381611021	0.090652774	-0.010274151
5.511002978	-1.379797645	0.089620899	-0.010486215
5.517610896	-1.377175053	0.088473197	-0.010545685
5.524218813	-1.373845007	0.087239171	-0.010489991
5.53082673	-1.369853232	0.085936632	-0.010342529
5.537434647	-1.365205978	0.084561142	-0.010097211
5.544042564	-1.359942872	0.083132056	-0.0097632
5.550650482	-1.354066824	0.081655499	-0.009337575
5.557258399	-1.34754287	0.080115634	-0.008810535
5.563866316	-1.340468887	0.078536739	-0.008215951
5.570474233	-1.332893104	0.076937873	-0.007570462
5.577082151	-1.324841979	0.07532206	-0.006877688
5.583690068	-1.316285557	0.07367606	-0.00612212
5.590297985	-1.307269366	0.07201408	-0.005315691
5.596905902	-1.29781772	0.070339844	-0.004463055
5.60351382	-1.287928312	0.068653487	-0.003565535
5.610121737	-1.277659552	0.066967081	-0.002634764
5.616729654	-1.267039571	0.065285912	-0.001679105
5.623337571	-1.256046011	0.063600475	-0.00069046
5.629945489	-1.244767741	0.061937459	0.00030497
5.636553406	-1.233180396	0.060282886	0.001319864
5.643161323	-1.221329671	0.058646901	0.002342763
5.64976924	-1.209226101	0.057029448	0.003371714
5.656377158	-1.19689146	0.055434491	0.004401118
5.662985075	-1.184347126	0.053864975	0.005428684
5.669592992	-1.171590627	0.05232155	0.006456623
5.676200909	-1.158636745	0.050796999	0.007485943
5.682808827	-1.14549457	0.049300589	0.008512727
5.689416744	-1.132180063	0.047824387	0.009538997
5.696024661	-1.118704017	0.046368914	0.010557372
5.702632578	-1.105110376	0.044941797	0.011561178
5.709240495	-1.091410648	0.043551478	0.012547597
5.715848413	-1.077621229	0.042197159	0.013515249
5.72245633	-1.063744735	0.040876392	0.014462445
5.729064247	-1.049774772	0.039574266	0.015390375
5.735672164	-1.035703246	0.038276812	0.0163037
5.742280082	-1.021547266	0.036965182	0.017215755
5.748887999	-1.007380747	0.035669633	0.018138626
5.755495916	-0.99327657	0.034457089	0.019065074
5.762103833	-0.979086786	0.0332318	0.019996559
5.768711751	-0.964842013	0.032001534	0.020951725
5.775319668	-0.950580631	0.030798699	0.021930535
5.781927585	-0.936359632	0.029723047	0.022851521
5.788535502	-0.921934989	0.028648	0.023739776
5.79514342	-0.907320492	0.02752159	0.024648883
5.801751337	-0.892557572	0.026383626	0.025610256
5.808359254	-0.877704282	0.025303096	0.026638196
5.814967171	-0.862691134	0.024283303	0.027740855
5.821575089	-0.847515541	0.023316696	0.028898993
5.828183006	-0.832226205	0.022410606	0.030075625
5.834790923	-0.816996958	0.021604075	0.031194641
5.84139884	-0.802066458	0.020937021	0.032144738
5.848006758	-0.787646146	0.020404947	0.032813472
5.854614675	-0.773913791	0.019999541	0.033123842
5.861222592	-0.760945195	0.019699137	0.033064395
5.867830509	-0.748667699	0.019463658	0.032730976
5.874438426	-0.736842124	0.019253988	0.032242428
5.881046344	-0.725019563	0.01896047	0.031770548
5.887654261	-0.712950349	0.018555949	0.031469361
5.894262178	-0.700430433	0.018036344	0.031412509
5.900870095	-0.687259889	0.017351147	0.031652094
5.907478013	-0.673526374	0.016530862	0.032194075
5.91408593	-0.659318217	0.015619615	0.03300713
5.920693847	-0.644532071	0.014657736	0.033969921
5.927301764	-0.629378623	0.013627297	0.03507914
5.933909682	-0.614172878	0.012634338	0.036293041
5.940517599	-0.598923279	0.011719159	0.037585223
5.947125516	-0.583636934	0.010883597	0.038928865
5.953733433	-0.568343649	0.010139083	0.040280944
5.960341351	-0.553208907	0.009542021	0.041594554
5.966949268	-0.538315697	0.009084757	0.042823942
5.973557185	-0.523809643	0.008777931	0.04392582
5.980165102	-0.509840305	0.008627072	0.04482565
5.98677302	-0.496582242	0.008621934	0.045441171
5.993380937	-0.484162625	0.008724365	0.045699843
5.999988854	-0.472699444	0.00891668	0.045552239
6.006596771	-0.462186585	0.009158461	0.045023966
6.013204689	-0.45243473	0.009404404	0.04420469
6.019812606	-0.443156753	0.009606258	0.043237287
6.026420523	-0.434008236	0.009719122	0.04228872
6.03302844	-0.424632104	0.009712475	0.041520761
6.039636357	-0.414766187	0.009571352	0.041050681
6.046244275	-0.404281987	0.009296969	0.040938067
6.052852192	-0.393111028	0.008905373	0.041198929
6.059460109	-0.381364209	0.008419549	0.04178618
6.066068026	-0.369183673	0.00786817	0.042632357
6.072675944	-0.356785315	0.007277562	0.043640702
6.079283861	-0.344514794	0.0066687	0.044653331
6.085891778	-0.332683847	0.006066555	0.045596919
6.092499695	-0.320854715	0.005472402	0.046703505
6.099107613	-0.308712467	0.004880701	0.04805896
6.10571553	-0.296534969	0.004313478	0.049503157
6.112323447	-0.284713219	0.00379699	0.050859649
6.118931364	-0.273431563	0.003347147	0.052065026
6.125539282	-0.262631007	0.002973657	0.053147508
6.132147199	-0.252155627	0.002661514	0.05419552
6.138755116	-0.241900726	0.002408948	0.055255829
6.145363033	-0.231860503	0.002224541	0.056313015
6.151970951	-0.222033813	0.002104342	0.057351326
6.158578868	-0.212597426	0.002073677	0.058308131
6.165186785	-0.203584778	0.002130857	0.059141301
6.171794702	-0.19499551	0.002263522	0.059853365
6.17840262	-0.186930072	0.002477902	0.060421729
6.185010537	-0.179438191	0.002754301	0.060812651
6.191618454	-0.172507735	0.003080715	0.061020689
6.198226371	-0.166183419	0.003456272	0.061018949
6.204834288	-0.160442017	0.003863664	0.060835421
6.211442206	-0.155320065	0.004284732	0.060454744
6.218050123	-0.150726479	0.004699084	0.059915979
6.22465804	-0.146570108	0.005090907	0.059259844
6.231265957	-0.142794401	0.005463218	0.058536756
6.237873875	-0.139311393	0.005812232	0.057780072
6.244481792	-0.1359712	0.00612168	0.057046084
6.251089709	-0.132773578	0.00639275	0.056350241
6.257697626	-0.129636655	0.00663516	0.055731373
6.264305544	-0.12656186	0.006851811	0.055191881
6.270913461	-0.123533158	0.007041579	0.054725489
6.277521378	-0.120556154	0.007205791	0.054342911
6.284129295	-0.11762546	0.007350356	0.05404653
6.290737213	-0.114766459	0.007488547	0.053833751
6.29734513	-0.111996499	0.007613649	0.053681502
6.303953047	-0.109355606	0.007724524	0.053574768
6.310560964	-0.106897095	0.007826858	0.053501066
6.317168882	-0.104624442	0.007918581	0.05345863
6.323776799	-0.102593807	0.008013884	0.053436246
6.330384716	-0.100791348	0.008102385	0.053432069
6.336992633	-0.099247427	0.008169427	0.053435223
6.343600551	-0.097979095	0.00822073	0.053438471
6.350208468	-0.09698646	0.008256517	0.053446375
6.356816385	-0.096297728	0.008280623	0.053450676
6.363424302	-0.095931473	0.008288366	0.05345537
6.370032219	-0.095872549	0.008283778	0.053465812
6.376640137	-0.096113015	0.008278921	0.053482588
6.383248054	-0.096655709	0.00827595	0.05351351
6.389855971	-0.097447565	0.008278052	0.053572224
6.396463888	-0.098494921	0.008302928	0.05365032
6.403071806	-0.099759622	0.008341558	0.053718314
6.409679723	-0.101180958	0.008411802	0.05379573
6.41628764	-0.102852513	0.008537139	0.053890858
6.422895557	-0.1047701	0.008705888	0.053997442
6.429503475	-0.106967024	0.008897138	0.05411395
6.436111392	-0.109518273	0.009109228	0.054197736
6.442719309	-0.112537488	0.009331492	0.054196192
6.449327226	-0.11613342	0.009559479	0.054058599
6.455935144	-0.120356207	0.009787741	0.053767194
6.462543061	-0.125174793	0.010006189	0.053336541
6.469150978	-0.130536251	0.010213804	0.052800287
6.475758895	-0.136344098	0.010405071	0.052197478
6.482366813	-0.142511139	0.010584488	0.051574469
6.48897473	-0.148961581	0.010755716	0.050970656
6.495582647	-0.155669324	0.010921729	0.0504007
6.502190564	-0.162608898	0.011082357	0.049878533
6.508798482	-0.169767976	0.011235638	0.049424224
6.515406399	-0.177171717	0.011388767	0.049033466
6.522014316	-0.184779687	0.011543423	0.048708197
6.528622233	-0.192589397	0.011708834	0.048444763
6.53523015	-0.2006064	0.011883565	0.048243653
6.541838068	-0.208838803	0.012073412	0.04809605
6.548445985	-0.217303384	0.012293718	0.047984345
6.555053902	-0.226057241	0.012548831	0.047888477
6.561661819	-0.235086188	0.012834694	0.047802293
6.568269737	-0.244367206	0.01313628	0.047701658
6.574877654	-0.253852862	0.013476321	0.047577375
6.581485571	-0.263593249	0.013865353	0.047429255
6.588093488	-0.273599976	0.01429622	0.047262056
6.594701406	-0.283862272	0.01475992	0.047089238
6.601309323	-0.294444816	0.015259057	0.046879465
6.60791724	-0.305400357	0.015790067	0.046607264
6.614525157	-0.316787173	0.016348078	0.046242011
6.621133075	-0.328599731	0.016925673	0.045788652
6.627740992	-0.340805481	0.017518233	0.045266725
6.634348909	-0.353357089	0.018125393	0.044692978
6.640956826	-0.366194629	0.018743465	0.044097251
6.647564744	-0.379237717	0.019375403	0.04351461
6.654172661	-0.392418575	0.020018619	0.042974742
6.660780578	-0.405680267	0.02067022	0.0425022
6.667388495	-0.419004652	0.021336308	0.042114843
6.673996413	-0.432393857	0.022021151	0.041827322
6.68060433	-0.445870268	0.022721969	0.041608496
6.687212247	-0.459421599	0.023447981	0.041449093
6.693820164	-0.473144096	0.024225565	0.041249347
6.700428081	-0.487113991	0.025048172	0.041007215
6.707035999	-0.501335687	0.025909409	0.040719703
6.713643916	-0.515775386	0.026811067	0.040387048
6.720251833	-0.530464061	0.027751984	0.040006501
6.72685975	-0.545378978	0.028723292	0.039571636
6.733467668	-0.560450198	0.029724856	0.03909798
6.740075585	-0.575658289	0.030761907	0.038588545
6.746683502	-0.591030427	0.031807705	0.038066284
6.753291419	-0.606488418	0.032852765	0.037554499
6.759899337	-0.622040107	0.033891848	0.037050285
6.766507254	-0.63764498	0.034931877	0.036563066
6.773115171	-0.653295366	0.03597254	0.036092704
6.779723088	-0.668971968	0.03700814	0.035648728
6.786331006	-0.684673107	0.038038187	0.035235686
6.792938923	-0.700332429	0.039062838	0.034870206
6.79954684	-0.715916179	0.040084892	0.034562803
6.806154757	-0.731385759	0.041098297	0.034332775
6.812762675	-0.746688943	0.042101544	0.034199558
6.819370592	-0.761769374	0.043095764	0.034171852
6.825978509	-0.776567262	0.044092765	0.0342705
6.832586426	-0.791203724	0.045069203	0.034444917
6.839194344	-0.80611031	0.046061149	0.034475917
6.845802261	-0.821324117	0.04709025	0.034369092
6.852410178	-0.836680968	0.048134034	0.034201593
6.859018095	-0.852120458	0.049189235	0.033996801
6.865626012	-0.867606502	0.050250137	0.033760093
6.87223393	-0.883084432	0.051317709	0.033506915
6.878841847	-0.898475367	0.05239819	0.03324157
6.885449764	-0.913885521	0.053535304	0.032906738
6.892057681	-0.929255806	0.054694377	0.03254781
6.898665599	-0.944543522	0.055854855	0.032182485
6.905273516	-0.959737624	0.057011074	0.031820209
6.911881433	-0.974823873	0.058153533	0.031464033
6.91848935	-0.989781877	0.059270522	0.031122763
6.925097268	-1.004592779	0.060356397	0.03079854
6.931705185	-1.019206425	0.061413714	0.030507659
6.938313102	-1.033644573	0.062471467	0.030246875
6.944921019	-1.047838776	0.063499548	0.030061918
6.951528937	-1.06176862	0.064523984	0.029977468
6.958136854	-1.075387848	0.06560107	0.029984079
6.964744771	-1.088403277	0.066756985	0.030017963
6.971352688	-1.100790667	0.067965537	0.030016211
6.977960606	-1.113152134	0.069390433	0.029812182
6.984568523	-1.12530765	0.070782021	0.029488689
6.99117644	-1.137274213	0.072197357	0.029147608
6.997784357	-1.149096794	0.073730139	0.028784907
7.004392275	-1.16060369	0.075222737	0.028361014
7.011000192	-1.171877051	0.076599777	0.027811328
7.017608109	-1.183179469	0.077951681	0.027110473
7.024216026	-1.194598867	0.079335747	0.026237538
7.030823943	-1.206059603	0.080725679	0.025198079
7.037431861	-1.217410072	0.082049104	0.023991198
7.044039778	-1.228684721	0.083265407	0.022614003
7.050647695	-1.239954177	0.084469754	0.021108366
7.057255612	-1.251229683	0.08570178	0.019498606
7.06386353	-1.262224809	0.086890435	0.017832117
7.070471447	-1.272771462	0.087932073	0.016140662
7.077079364	-1.282974279	0.088917304	0.0144518
7.083687281	-1.292859994	0.089876651	0.012777802
7.090295199	-1.302268564	0.090737635	0.011126331
7.096903116	-1.311130788	0.091465323	0.009501745
7.103511033	-1.319533626	0.092083133	0.007899678
7.11011895	-1.327530538	0.092634192	0.006315405
7.116726868	-1.335144136	0.093135949	0.004738115
7.123334785	-1.342278654	0.093567918	0.003189781
7.129942702	-1.348935009	0.093921229	0.001664841
7.136550619	-1.355075239	0.09417909	0.000171303
7.143158537	-1.360675678	0.09434515	-0.001275643
7.149766454	-1.365749816	0.094428019	-0.0026699
7.156374371	-1.370245482	0.09441615	-0.004001058
7.162982288	-1.37413503	0.094306041	-0.005258449
7.169590206	-1.377358046	0.094078691	-0.006415081
7.176198123	-1.379842184	0.093720581	-0.007443943
7.18280604	-1.381570034	0.093238286	-0.008335626
7.189413957	-1.382531769	0.092628216	-0.009086197
7.196021874	-1.382687626	0.091890879	-0.009676054
7.202629792	-1.382020649	0.091024829	-0.010102956
7.209237709	-1.380528446	0.090037609	-0.010373118
7.215845626	-1.378247152	0.088940798	-0.010493186
7.222453543	-1.375210901	0.087739325	-0.01048142
7.229061461	-1.371503179	0.086466947	-0.010372115
7.235669378	-1.367145585	0.08512479	-0.010171835
7.242277295	-1.362146728	0.083720401	-0.009877127
7.248885212	-1.356542132	0.082267396	-0.009494561
7.25549313	-1.350309858	0.080754891	-0.009010861
7.262101047	-1.343454084	0.079188834	-0.008437923
7.268708964	-1.336088146	0.077597064	-0.007812328
7.275316881	-1.328266316	0.075996344	-0.007148272
7.281924799	-1.319926193	0.074363277	-0.006418668
7.288532716	-1.311114382	0.072710473	-0.005636733
7.295140633	-1.301847902	0.071040602	-0.004803302
7.30174855	-1.292159785	0.069362504	-0.003928727
7.308356468	-1.282058923	0.067675942	-0.003011887
7.314964385	-1.271596249	0.065993695	-0.002070004
7.321572302	-1.26078107	0.064316568	-0.001100598
7.328180219	-1.249620604	0.062640298	-0.000105932
7.334788137	-1.23816596	0.060982308	0.000901855
7.341396054	-1.226427796	0.059337967	0.00192129
7.348003971	-1.214441116	0.057711697	0.002946231
7.354611888	-1.202210228	0.056109185	0.003974185
7.361219805	-1.189752079	0.054528513	0.005003765
7.367827723	-1.177110663	0.052978442	0.006025494
7.37443564	-1.164234164	0.051442184	0.007056079
7.381043557	-1.151181137	0.049937675	0.008081142
7.387651474	-1.137957038	0.048456093	0.009103171
7.394259392	-1.124544014	0.046989595	0.010127242
7.400867309	-1.11099951	0.045548697	0.011137759
7.407475226	-1.09734859	0.044142041	0.01213108
7.414083143	-1.08360001	0.042773698	0.013106913
7.420691061	-1.069764274	0.041438892	0.014061988
7.427298978	-1.055839767	0.040132103	0.014996593
7.433906895	-1.041805869	0.038831349	0.015915913
7.440514812	-1.027695248	0.037529125	0.016829706
7.44712273	-1.013522081	0.036213607	0.017743726
7.453730647	-0.999402038	0.03497061	0.018675153
7.460338564	-0.985242399	0.033752576	0.019600611
7.466946481	-0.97101929	0.032524759	0.020546549
7.473554399	-0.956769284	0.031309447	0.021503624
7.480162316	-0.942548447	0.030170119	0.022462218
7.486770233	-0.928213089	0.029113434	0.023360535
7.49337815	-0.913700469	0.028011935	0.024251691
7.499986068	-0.898992368	0.026871037	0.025184933
7.506593985	-0.884180568	0.025761857	0.026184748
7.513201902	-0.869235393	0.024718445	0.027259319
7.519809819	-0.854127989	0.023732721	0.028395131
7.526417736	-0.83887609	0.022798071	0.029568574
7.533025654	-0.823589459	0.021941204	0.030723812
7.539633571	-0.808512684	0.021211792	0.031755186
7.546241488	-0.793862891	0.020628931	0.032552232
7.552849405	-0.779832005	0.020174282	0.033014578
7.559457323	-0.766543433	0.019839511	0.033105338
7.56606524	-0.753988405	0.019572223	0.032869736
7.572673157	-0.742006051	0.019363869	0.032428729
7.579281074	-0.730222847	0.019112008	0.03193733
7.585888992	-0.718261797	0.018751266	0.031551907
7.592496909	-0.705949415	0.018283027	0.031386876
7.599104826	-0.693033175	0.017669055	0.031504359
7.605712743	-0.679486589	0.016891823	0.031926001
7.612320661	-0.665502775	0.016019256	0.03262409
7.618928578	-0.65102744	0.015086271	0.033546119
7.625536495	-0.635974108	0.014087286	0.034591519
7.632144412	-0.620729352	0.013040128	0.035760556
7.63875233	-0.605540784	0.012091749	0.037012291
7.645360247	-0.590280985	0.011206021	0.038331673
7.651968164	-0.575006048	0.010407326	0.039678033
7.658576081	-0.559800504	0.009725863	0.041014118
7.665183999	-0.544767278	0.009184285	0.042296249
7.671791916	-0.530064745	0.008801403	0.043474011
7.678399833	-0.515812814	0.008574896	0.044489804
7.68500775	-0.502156078	0.008494947	0.04527968
7.691615668	-0.489250875	0.008547235	0.045753959
7.698223585	-0.477239764	0.008699155	0.045847753
7.704831502	-0.46622133	0.008926821	0.045534297
7.711439419	-0.456078507	0.009187793	0.044865083
7.718047336	-0.446611848	0.009433307	0.0439544
7.724655254	-0.437491695	0.009615381	0.042957826
7.731263171	-0.428350303	0.009694755	0.042047529
7.737871088	-0.418877129	0.009646316	0.041366142
7.744479005	-0.40884202	0.009461483	0.041013421
7.751086923	-0.398153068	0.00914824	0.04103156
7.75769484	-0.386802001	0.008724712	0.041410437
7.764302757	-0.374922094	0.008217564	0.042093394
7.770910674	-0.362689844	0.007656127	0.042997794
7.777518592	-0.350374407	0.00706399	0.043999634
7.784126509	-0.338404381	0.006461628	0.04493226
7.790734426	-0.326677045	0.005870228	0.045920723
7.797342343	-0.31465872	0.005276381	0.047177787
7.803950261	-0.302410995	0.004691519	0.048615485
7.810558178	-0.290375574	0.004150223	0.050024101
7.817166095	-0.278846963	0.003664067	0.051292205
7.823774012	-0.26784867	0.003250071	0.052411433
7.83038193	-0.257249989	0.002906378	0.053461663
7.836989847	-0.246861076	0.002612571	0.054526467
7.843597764	-0.236678756	0.002385504	0.055599869
7.850205681	-0.226721229	0.002223926	0.056662473
7.856813599	-0.217052462	0.002137015	0.057678373
7.863421516	-0.207787508	0.002134662	0.058594485
7.870029433	-0.19896071	0.002219862	0.059383905
7.87663735	-0.190587585	0.002382544	0.060046905
7.883245267	-0.182738145	0.002619458	0.060561811
7.889853185	-0.175479902	0.002914439	0.060889337
7.896461102	-0.168786171	0.00325138	0.061030989
7.903069019	-0.162695419	0.003637659	0.060970525
7.909676936	-0.157225278	0.004052662	0.060714661
7.916284854	-0.152322845	0.004471613	0.060276984
7.922892771	-0.147919592	0.004876008	0.059697807
7.929500688	-0.143955254	0.005264862	0.059008466
7.936108605	-0.140340818	0.005631716	0.058268793
7.942716523	-0.136932744	0.005963506	0.057522582
7.94932444	-0.133705863	0.006261637	0.056795061
7.955932357	-0.130570688	0.006523056	0.056128633
7.962540274	-0.127498217	0.006758231	0.055541797
7.969148192	-0.12449173	0.006967407	0.05502477
7.975756109	-0.12153784	0.007148085	0.054582867
7.982364026	-0.118640006	0.007302679	0.054224117
7.988971943	-0.115806034	0.007447892	0.053950137
7.995579861	-0.113047356	0.007582027	0.053749429
8.002187778	-0.110397934	0.007699508	0.053601229
8.008795695	-0.10789861	0.007805418	0.053494906
8.015403612	-0.105566903	0.007900791	0.053429339
8.02201153	-0.103453598	0.007993663	0.053387509
8.028619447	-0.10157177	0.008087044	0.053370289
8.035227364	-0.099921362	0.008165176	0.053366561
8.041835281	-0.098533268	0.008222359	0.053370882
8.048443198	-0.097415578	0.008265068	0.053378547
8.055051116	-0.096596401	0.00829472	0.053383368
8.061659033	-0.096081124	0.008310121	0.053389411
8.06826695	-0.095884615	0.008309489	0.053399659
8.074874867	-0.095995078	0.008304454	0.053413575
8.081482785	-0.096410534	0.008297271	0.053438534
8.088090702	-0.097097741	0.008295026	0.053482097
8.094698619	-0.098037252	0.008304069	0.05355226
8.101306536	-0.099251	0.008336703	0.053629082
8.107914454	-0.100585691	0.008369312	0.053709852
8.114522371	-0.102176823	0.008469406	0.053790327
8.121130288	-0.103994993	0.008610105	0.053895453
8.127738205	-0.106068849	0.008789464	0.054008787
8.134346123	-0.108448574	0.008991695	0.054118117
8.14095404	-0.111229523	0.009210344	0.054172674
8.147561957	-0.114525964	0.009437147	0.054119463
8.154169874	-0.118428138	0.009667634	0.053918276
8.160777792	-0.122953212	0.009893432	0.053566759
8.167385709	-0.128052288	0.010109556	0.053088264
8.173993626	-0.133662321	0.010311041	0.052518451
8.180601543	-0.139667797	0.010497996	0.051904572
8.187209461	-0.146006853	0.010676058	0.051287399
8.193817378	-0.152618767	0.01084691	0.050693968
8.200425295	-0.159476348	0.011012959	0.05014032
8.207033212	-0.166563591	0.011172707	0.049641574
8.213641129	-0.173883652	0.011328006	0.049213714
8.220249047	-0.181434639	0.011485682	0.048846641
8.226856964	-0.189169297	0.011644439	0.048549414
8.233464881	-0.197112077	0.011818224	0.048311091
8.240072798	-0.205264873	0.01200053	0.048134773
8.246680716	-0.213632103	0.01220371	0.048005964
8.253288633	-0.222256025	0.012440517	0.047902834
8.25989655	-0.231174593	0.012714204	0.047807357
8.266504467	-0.240385757	0.013006174	0.047718161
8.273112385	-0.249791713	0.013323442	0.047603482
8.279720302	-0.259430929	0.013688781	0.047465017
8.286328219	-0.269325675	0.014100051	0.047304862
8.292936136	-0.279473237	0.014545987	0.047137883
8.299544054	-0.289906991	0.015026779	0.046951
8.306151971	-0.300675933	0.015542296	0.046720759
8.312759888	-0.311845328	0.016089424	0.046410515
8.319367805	-0.323442538	0.016657621	0.046009178
8.325975723	-0.335458856	0.017244968	0.04552742
8.33258364	-0.347855799	0.017849758	0.044979049
8.339191557	-0.360575711	0.018463615	0.044389504
8.345799474	-0.373529708	0.0190918	0.043801326
8.352407392	-0.386667257	0.019732209	0.043235175
8.359015309	-0.399899746	0.02038271	0.042728862
8.365623226	-0.413212212	0.021043075	0.042298093
8.372231143	-0.426572732	0.021719649	0.041962607
8.37883906	-0.440034464	0.022415831	0.041712108
8.385446978	-0.453543965	0.023132215	0.041535951
8.392054895	-0.467194132	0.023883656	0.04135652
8.398662812	-0.481054491	0.024688995	0.041129215
8.405270729	-0.495188009	0.025536494	0.040854491
8.411878647	-0.509499844	0.026418681	0.040549839
8.418486564	-0.524120987	0.027347202	0.040179341
8.425094481	-0.538939318	0.028306706	0.039766678
8.431702398	-0.553933097	0.029290401	0.039314224
8.438310316	-0.569097443	0.030316336	0.038808708
8.444918233	-0.584390102	0.031361128	0.03829675
8.45152615	-0.59981526	0.032406419	0.037777498
8.458134067	-0.615335194	0.033448095	0.037267337
