-9.39797211660330e+000   -6.21451104100946e-001
-9.30080270384453e+000   -6.20049071153172e-001
-9.19940853400929e+000   -6.16193480546793e-001
-9.09801436417406e+000   -6.13389414651244e-001
-9.00084495141529e+000   -6.10935856992639e-001
-8.89945078158006e+000   -6.09884332281809e-001
-8.79805661174482e+000   -6.06028741675429e-001
-8.70088719898606e+000   -6.03575184016824e-001
-8.59949302915082e+000   -6.00420609884332e-001
-8.49809885931559e+000   -5.97266035751840e-001
-8.40092944655682e+000   -5.95162986330179e-001
-8.29953527672159e+000   -5.92008412197687e-001
-8.19814110688635e+000   -5.86750788643533e-001
-8.10097169412759e+000   -5.85699263932702e-001
-7.99957752429235e+000   -5.79390115667718e-001
-7.89818335445712e+000   -5.74483000350508e-001
-7.80101394169835e+000   -5.71678934454960e-001
-7.69961977186312e+000   -5.66070802663863e-001
-7.59822560202788e+000   -5.61514195583596e-001
-7.50105618926912e+000   -5.55906063792499e-001
-7.39966201943388e+000   -5.51699964949176e-001
-7.09970426700465e+000   -5.39081668419208e-001
-6.79974651457541e+000   -5.18752190676481e-001
-6.69835234474018e+000   -5.13494567122327e-001
-6.60118293198141e+000   -5.03680336487907e-001
-6.39839459231094e+000   -4.83350858745180e-001
-6.30122517955218e+000   -4.71784086926043e-001
-6.17870722433460e+000   -4.57413249211357e-001
-6.02661596958175e+000   -4.38485804416404e-001
-5.87452471482890e+000   -4.22712933753943e-001
-5.76045627376426e+000   -4.10094637223975e-001
-5.60836501901141e+000   -3.94321766561514e-001
-5.45627376425855e+000   -3.78548895899054e-001
-5.30418250950570e+000   -3.59621451104101e-001
-5.15209125475285e+000   -3.40694006309148e-001
-5.00000000000000e+000   -3.24921135646688e-001
-4.84790874524715e+000   -3.05993690851735e-001
-4.69581749049430e+000   -2.90220820189274e-001
-4.54372623574145e+000   -2.74447949526814e-001
-4.42965779467681e+000   -2.61829652996845e-001
-4.40008449514153e+000   -2.55520504731861e-001
-4.29869032530630e+000   -2.46056782334385e-001
-4.20152091254753e+000   -2.30283911671924e-001
-4.04942965779468e+000   -2.17665615141956e-001
-3.89733840304183e+000   -2.01892744479495e-001
-3.74524714828897e+000   -1.82965299684543e-001
-3.51711026615970e+000   -1.57728706624606e-001
-3.40304182509506e+000   -1.41955835962145e-001
-3.30164765525982e+000   -1.23028391167192e-001
-3.20025348542459e+000   -1.13564668769716e-001
-3.00168990283059e+000   -9.32351910269892e-002
-2.90874524714829e+000   -8.20189274447950e-002
-2.79467680608365e+000   -6.94006309148265e-002
-2.64258555133080e+000   -5.04731861198738e-002
-2.68060836501901e+000   -5.99369085173501e-002
-2.75665399239544e+000   -7.25552050473186e-002
-2.83269961977186e+000   -8.20189274447950e-002
-2.90874524714829e+000   -9.14826498422713e-002
-3.02281368821293e+000   -1.07255520504732e-001
-3.06083650190114e+000   -1.13564668769716e-001
-3.32699619771863e+000   -1.45110410094637e-001
-3.44106463878327e+000   -1.60883280757098e-001
-3.55513307984791e+000   -1.76656151419558e-001
-3.70722433460076e+000   -1.92429022082019e-001
-3.85931558935361e+000   -2.08201892744480e-001
-3.97338403041825e+000   -2.20820189274448e-001
-4.08745247148289e+000   -2.33438485804416e-001
-4.23954372623574e+000   -2.49211356466877e-001
-4.35361216730038e+000   -2.64984227129338e-001
-4.50570342205323e+000   -2.83911671924290e-001
-4.65779467680608e+000   -2.96529968454259e-001
-4.73384030418251e+000   -3.02839116719243e-001
-4.84790874524715e+000   -3.15457413249211e-001
-4.89860583016477e+000   -3.24921135646688e-001
-5.00000000000000e+000   -3.36137399228882e-001
-5.07604562737643e+000   -3.43848580441640e-001
-5.10139416983523e+000   -3.51209253417455e-001
-5.19011406844107e+000   -3.59621451104101e-001
-5.30418250950570e+000   -3.72239747634069e-001
-5.40135192226447e+000   -3.81352961794602e-001
-5.49852133502324e+000   -3.89765159481248e-001
-5.59991550485847e+000   -4.02032947774273e-001
-5.70130967469371e+000   -4.12548194882580e-001
-5.79847908745247e+000   -4.22712933753943e-001
-5.89987325728771e+000   -4.34980722046968e-001
-6.19983100971694e+000   -4.70031545741325e-001
-6.36882129277567e+000   -4.92113564668770e-001
-6.60118293198141e+000   -5.13845075359271e-001
-6.79974651457541e+000   -5.39432176656151e-001
-6.90114068441065e+000   -5.53452506133894e-001
-7.09970426700465e+000   -5.83596214511041e-001
-7.20109843683988e+000   -5.93410445145461e-001
-7.29826784959865e+000   -5.99369085173502e-001
-7.50105618926912e+000   -6.34419908867858e-001
-7.59822560202788e+000   -6.43533123028391e-001
-7.80101394169835e+000   -6.80336487907466e-001
-7.89818335445712e+000   -6.89099193831055e-001
-8.10097169412759e+000   -7.22397476340694e-001
-8.19814110688635e+000   -7.33964248159832e-001
-8.49809885931559e+000   -7.62004907115317e-001
-8.59949302915082e+000   -7.68664563617245e-001
-8.70088719898606e+000   -7.69716088328076e-001
-9.09801436417406e+000   -7.73221170697511e-001
-9.30080270384453e+000   -7.77427269540834e-001
-9.69792986903253e+000   -7.77076761303891e-001
-9.79932403886776e+000   -7.79179810725552e-001
-9.90071820870300e+000   -7.79179810725552e-001
-1.03020701309675e+001   -7.85488958990536e-001
-1.03992395437262e+001   -7.86540483701367e-001
-1.05006337135615e+001   -7.87592008412198e-001
-1.09019856358259e+001   -7.93200140203295e-001
-1.09991550485847e+001   -7.95653697861900e-001
-1.11005492184199e+001   -7.97055730809674e-001
-1.15019011406844e+001   -8.01962846126884e-001
-1.15990705534432e+001   -8.02663862600771e-001
-1.17004647232784e+001   -8.02663862600771e-001
-1.21018166455429e+001   -8.04416403785489e-001
-1.21989860583016e+001   -8.05117420259376e-001
-1.23003802281369e+001   -8.06168944970207e-001
-1.27017321504014e+001   -8.05117420259376e-001
-1.27989015631601e+001   -8.05467928496320e-001
-1.29002957329954e+001   -8.05467928496320e-001
-1.30016899028306e+001   -8.05117420259376e-001
-1.33988170680186e+001   -7.99859796705223e-001
-1.35002112378538e+001   -7.97406239046618e-001
-1.36016054076891e+001   -7.96705222572730e-001
-1.39987325728771e+001   -7.91097090781633e-001
-1.41001267427123e+001   -7.88643533123028e-001
-1.42015209125475e+001   -7.87592008412198e-001
-1.45986480777355e+001   -7.85138450753593e-001
-1.47000422475708e+001   -7.84086926042762e-001
-1.48014364174060e+001   -7.82684893094988e-001
-1.51985635825940e+001   -7.78478794251665e-001
-1.52999577524292e+001   -7.77076761303891e-001
-1.54013519222645e+001   -7.74272695408342e-001
-1.57984790874525e+001   -7.71118121275850e-001
-1.58998732572877e+001   -7.71819137749737e-001
-1.60012674271229e+001   -7.70417104801963e-001
-1.62167300380228e+001   -7.66561514195584e-001
-1.63307984790875e+001   -7.57097791798107e-001
-1.63688212927757e+001   -7.47634069400631e-001
-1.62927756653992e+001   -7.41324921135647e-001
-1.61406844106464e+001   -7.35015772870662e-001
-1.59885931558935e+001   -7.28706624605678e-001
-1.57984790874525e+001   -7.22397476340694e-001
-1.57013096746937e+001   -7.22046968103750e-001
-1.55999155048585e+001   -7.19242902208202e-001
-1.54985213350232e+001   -7.16088328075710e-001
-1.54013519222645e+001   -7.16088328075710e-001
-1.52999577524292e+001   -7.13985278654048e-001
-1.51985635825940e+001   -7.11882229232387e-001
-1.51013941698352e+001   -7.10830704521556e-001
-1.50000000000000e+001   -7.08727655099895e-001
-1.48986058301648e+001   -7.07676130389064e-001
-1.48014364174060e+001   -7.06624605678233e-001
-1.47000422475708e+001   -7.05573080967403e-001
-1.45986480777355e+001   -7.05222572730459e-001
-1.45014786649768e+001   -7.03470031545741e-001
-1.44000844951415e+001   -7.01717490361023e-001
-1.42986903253063e+001   -7.01366982124080e-001
-1.42015209125475e+001   -6.98212407991588e-001
-1.41001267427123e+001   -6.97511391517701e-001
-1.39987325728771e+001   -6.95057833859096e-001
-1.39015631601183e+001   -6.94006309148265e-001
-1.38001689902831e+001   -6.92954784437434e-001
-1.36987748204478e+001   -6.90851735015773e-001
-1.36016054076891e+001   -6.89800210304942e-001
-1.35002112378538e+001   -6.89800210304942e-001
-1.33988170680186e+001   -6.89800210304942e-001
-1.33016476552598e+001   -6.89099193831055e-001
-1.32002534854246e+001   -6.85594111461619e-001
-1.30988593155894e+001   -6.85243603224676e-001
-1.30016899028306e+001   -6.83841570276902e-001
-1.29002957329954e+001   -6.83491062039958e-001
-1.27989015631601e+001   -6.80686996144409e-001
-1.27017321504014e+001   -6.80336487907466e-001
-1.26003379805661e+001   -6.78583946722748e-001
-1.24989438107309e+001   -6.76130389064143e-001
-1.24017743979721e+001   -6.73676831405538e-001
-1.23003802281369e+001   -6.74027339642482e-001
-1.21989860583016e+001   -6.70872765509990e-001
-1.21018166455429e+001   -6.70872765509990e-001
-1.20004224757076e+001   -6.67718191377497e-001
-1.18990283058724e+001   -6.67367683140554e-001
-1.18018588931136e+001   -6.63862600771118e-001
-1.17004647232784e+001   -6.64914125481949e-001
-1.15990705534432e+001   -6.64563617245005e-001
-1.15019011406844e+001   -6.61759551349457e-001
-1.14005069708492e+001   -6.60007010164739e-001
-1.12991128010139e+001   -6.57553452506134e-001
-1.12019433882552e+001   -6.57553452506134e-001
-1.11005492184199e+001   -6.57202944269190e-001
-1.09991550485847e+001   -6.54749386610585e-001
-1.09019856358259e+001   -6.54048370136698e-001
-1.08005914659907e+001   -6.52295828951980e-001
-1.06991972961555e+001   -6.50543287767263e-001
-1.06020278833967e+001   -6.49491763056432e-001
-1.05006337135615e+001   -6.48440238345601e-001
-1.03992395437262e+001   -6.45986680686996e-001
-1.03020701309675e+001   -6.45636172450053e-001
-1.02006759611322e+001   -6.43182614791448e-001
-1.00992817912970e+001   -6.42131090080617e-001
-9.99788762146177e+000   -6.36873466526463e-001
-9.90071820870300e+000   -6.35120925341746e-001
-9.79932403886776e+000   -6.33017875920084e-001
-9.69792986903253e+000   -6.29863301787592e-001
-9.60076045627376e+000   -6.25657202944269e-001
-9.49936628643853e+000   -6.22502628811777e-001
