-9.39814814814815e+000   -4.06976744186047e-001
-9.30041152263374e+000   -3.99224806201550e-001
-9.19753086419753e+000   -3.98578811369509e-001
-9.09979423868313e+000   -3.82428940568475e-001
-9.00205761316872e+000   -3.68217054263566e-001
-8.89917695473251e+000   -3.63049095607235e-001
-8.80144032921811e+000   -3.56589147286822e-001
-8.69855967078189e+000   -3.43669250645995e-001
-8.60082304526749e+000   -3.34625322997416e-001
-8.49794238683128e+000   -3.29457364341085e-001
-8.40020576131687e+000   -3.11369509043928e-001
-8.30246913580247e+000   -3.04909560723514e-001
-8.19958847736626e+000   -2.99095607235142e-001
-8.10185185185185e+000   -2.87467700258398e-001
-7.99897119341564e+000   -2.77131782945736e-001
-7.90123456790123e+000   -2.71963824289406e-001
-7.79835390946502e+000   -2.62919896640827e-001
-7.70061728395062e+000   -2.51291989664083e-001
-7.59773662551440e+000   -2.41602067183463e-001
-7.50000000000000e+000   -2.34496124031008e-001
-7.40226337448560e+000   -2.22868217054264e-001
-7.29938271604938e+000   -2.17700258397933e-001
-7.20164609053498e+000   -2.11886304909561e-001
-7.09876543209877e+000   -2.02842377260982e-001
-7.00102880658436e+000   -1.94444444444444e-001
-6.89814814814815e+000   -1.86046511627907e-001
-6.80041152263374e+000   -1.77002583979328e-001
-6.69753086419753e+000   -1.71188630490956e-001
-6.59979423868313e+000   -1.67312661498708e-001
-6.50205761316873e+000   -1.58268733850129e-001
-6.39917695473251e+000   -1.49224806201550e-001
-6.30144032921811e+000   -1.43410852713178e-001
-6.19855967078189e+000   -1.36950904392765e-001
-6.10082304526749e+000   -1.32428940568476e-001
-5.99794238683127e+000   -1.30490956072351e-001
-5.90020576131687e+000   -1.20155038759690e-001
-5.80246913580247e+000   -1.07881136950904e-001
-5.69958847736626e+000   -1.04651162790698e-001
-5.60185185185185e+000   -1.00775193798450e-001
-5.49897119341564e+000   -9.49612403100777e-002
-5.40123456790123e+000   -8.97932816537468e-002
-5.29835390946502e+000   -8.33333333333335e-002
-5.20061728395062e+000   -7.88113695090438e-002
-5.09773662551440e+000   -7.17054263565893e-002
-5.00000000000000e+000   -6.71834625322996e-002
-4.90226337448560e+000   -6.20155038759691e-002
-4.79938271604938e+000   -5.62015503875970e-002
-4.70164609053498e+000   -5.36175710594315e-002
-4.59876543209877e+000   -4.39276485788114e-002
-4.50102880658436e+000   -3.74677002583979e-002
-4.39814814814815e+000   -3.68217054263567e-002
-4.30041152263374e+000   -3.16537467700260e-002
-4.19753086419753e+000   -2.51937984496124e-002
-4.09979423868313e+000   -2.06718346253230e-002
-4.00205761316872e+000   -1.29198966408268e-002
-3.89917695473251e+000   -7.75193798449614e-003
-3.80144032921811e+000   -2.58397932816545e-003
-3.69855967078189e+000    6.45994832041197e-004
-3.60082304526749e+000    3.22997416020687e-003
-3.49794238683128e+000    7.10594315245472e-003
-3.40020576131687e+000    1.80878552971575e-002
-3.30246913580247e+000    2.13178294573644e-002
-3.19958847736626e+000    2.51937984496124e-002
-3.10185185185185e+000    2.77777777777779e-002
-2.99897119341564e+000    2.77777777777779e-002
-2.90123456790123e+000    2.90697674418605e-002
-2.79835390946502e+000    2.84237726098193e-002
-2.70061728395062e+000    2.64857881136948e-002
-2.59773662551440e+000    2.26098191214472e-002
-2.50000000000000e+000    1.55038759689923e-002
-2.40226337448560e+000    7.75193798449614e-003
-2.29938271604938e+000   -5.16795865633091e-003
-2.49938271604938e+000   -7.62273901808785e-002
-2.59773662551440e+000   -1.37596899224806e-001
-2.70061728395062e+000   -1.53746770025840e-001
-2.90123456790123e+000   -1.97674418604651e-001
-2.99897119341564e+000   -2.06072351421189e-001
-3.10185185185185e+000   -2.17700258397933e-001
-3.40020576131687e+000   -2.58397932816537e-001
-3.49794238683128e+000   -2.70025839793282e-001
-3.80144032921811e+000   -3.08785529715762e-001
-3.89917695473251e+000   -3.16537467700258e-001
-4.00205761316872e+000   -3.25581395348837e-001
-4.30041152263374e+000   -3.66279069767442e-001
-4.39814814814815e+000   -3.75322997416021e-001
-4.50102880658436e+000   -3.83720930232558e-001
-4.79938271604938e+000   -4.22480620155039e-001
-4.90226337448560e+000   -4.32170542635659e-001
-5.29835390946502e+000   -4.67700258397933e-001
-5.40123456790123e+000   -4.82558139534884e-001
-5.80246913580247e+000   -5.20671834625323e-001
-5.90020576131687e+000   -5.29715762273902e-001
-6.19855967078189e+000   -5.63953488372093e-001
-6.30144032921811e+000   -5.69121447028424e-001
-6.39917695473251e+000   -5.78165374677003e-001
-6.69753086419753e+000   -6.16279069767442e-001
-6.80041152263374e+000   -6.20155038759690e-001
-6.89814814814815e+000   -6.28552971576227e-001
-7.29938271604938e+000   -6.66666666666667e-001
-7.40226337448560e+000   -6.75710594315245e-001
-7.79835390946502e+000   -7.07364341085271e-001
-7.90123456790123e+000   -7.15116279069767e-001
-8.30246913580247e+000   -7.44186046511628e-001
-8.40020576131687e+000   -7.53229974160207e-001
-8.49794238683128e+000   -7.61627906976744e-001
-8.80144032921811e+000   -7.96511627906977e-001
-8.89917695473251e+000   -8.01679586563308e-001
-9.00205761316872e+000   -8.08139534883721e-001
-9.39814814814815e+000   -8.41085271317830e-001
-9.50102880658436e+000   -8.50129198966408e-001
-9.90226337448560e+000   -8.81136950904393e-001
-1.00000000000000e+001   -8.87596899224806e-001
-1.00977366255144e+001   -8.95348837209302e-001
-1.04012345679012e+001   -9.26356589147287e-001
-1.04989711934156e+001   -9.32816537467700e-001
-1.06018518518519e+001   -9.37984496124031e-001
-1.09002057613169e+001   -9.65116279069767e-001
-1.09979423868313e+001   -9.78036175710594e-001
-1.11008230452675e+001   -9.83850129198966e-001
-1.15020576131687e+001   -1.01744186046512e+000
-1.15997942386831e+001   -1.02519379844961e+000
-1.20010288065844e+001   -1.05813953488372e+000
-1.20987654320988e+001   -1.06653746770026e+000
-1.25000000000000e+001   -1.09948320413437e+000
-1.25977366255144e+001   -1.10658914728682e+000
-1.27006172839506e+001   -1.11046511627907e+000
-1.29989711934156e+001   -1.13630490956072e+000
-1.31018518518519e+001   -1.14470284237726e+000
-1.34979423868313e+001   -1.18281653746770e+000
-1.36008230452675e+001   -1.18604651162791e+000
-1.36985596707819e+001   -1.19379844961240e+000
-1.40997942386831e+001   -1.22997416020672e+000
-1.41975308641975e+001   -1.23708010335917e+000
-1.45987654320988e+001   -1.26421188630491e+000
-1.47016460905350e+001   -1.27131782945736e+000
-1.47993827160494e+001   -1.27390180878553e+000
-1.52006172839506e+001   -1.30490956072351e+000
-1.52983539094650e+001   -1.31072351421189e+000
-1.56995884773663e+001   -1.33914728682171e+000
-1.58024691358025e+001   -1.34496124031008e+000
-1.59002057613169e+001   -1.35142118863049e+000
-1.61985596707819e+001   -1.38436692506460e+000
-1.63014403292181e+001   -1.39534883720930e+000
-1.63991769547325e+001   -1.44638242894057e+000
-1.63014403292181e+001   -1.45607235142119e+000
-1.61985596707819e+001   -1.45930232558140e+000
-1.61008230452675e+001   -1.45801033591731e+000
-1.59979423868313e+001   -1.45025839793282e+000
-1.59002057613169e+001   -1.43863049095607e+000
-1.58024691358025e+001   -1.42958656330749e+000
-1.56995884773663e+001   -1.41860465116279e+000
-1.56018518518519e+001   -1.40180878552972e+000
-1.54989711934156e+001   -1.38759689922481e+000
-1.54012345679012e+001   -1.37209302325581e+000
-1.52983539094650e+001   -1.34819121447028e+000
-1.52006172839506e+001   -1.33204134366925e+000
-1.50977366255144e+001   -1.31072351421189e+000
-1.50000000000000e+001   -1.29328165374677e+000
-1.49022633744856e+001   -1.27325581395349e+000
-1.47993827160494e+001   -1.25193798449612e+000
-1.47016460905350e+001   -1.23385012919897e+000
-1.45987654320988e+001   -1.20090439276486e+000
-1.45010288065844e+001   -1.17958656330749e+000
-1.43981481481481e+001   -1.15891472868217e+000
-1.43004115226337e+001   -1.14018087855297e+000
-1.41975308641975e+001   -1.11950904392765e+000
-1.40997942386831e+001   -1.09754521963824e+000
-1.40020576131687e+001   -1.06330749354005e+000
-1.38991769547325e+001   -1.04521963824289e+000
-1.38014403292181e+001   -1.02777777777778e+000
-1.36985596707819e+001   -1.00775193798450e+000
-1.36008230452675e+001   -9.85788113695090e-001
-1.34979423868313e+001   -9.68992248062015e-001
-1.34002057613169e+001   -9.40568475452196e-001
-1.33024691358025e+001   -9.23126614987080e-001
-1.31995884773663e+001   -9.05684754521964e-001
-1.31018518518519e+001   -8.88888888888889e-001
-1.29989711934156e+001   -8.71447028423773e-001
-1.29012345679012e+001   -8.55943152454780e-001
-1.27983539094650e+001   -8.32041343669251e-001
-1.27006172839506e+001   -8.18475452196382e-001
-1.25977366255144e+001   -8.02971576227390e-001
-1.25000000000000e+001   -7.88759689922481e-001
-1.24022633744856e+001   -7.75193798449612e-001
-1.22993827160494e+001   -7.60981912144703e-001
-1.22016460905350e+001   -7.46770025839793e-001
-1.20987654320988e+001   -7.25452196382429e-001
-1.20010288065844e+001   -7.13178294573643e-001
-1.18981481481481e+001   -7.02842377260982e-001
-1.18004115226337e+001   -6.85400516795866e-001
-1.16975308641975e+001   -6.71188630490956e-001
-1.15997942386831e+001   -6.60206718346253e-001
-1.15020576131687e+001   -6.44056847545220e-001
-1.13991769547325e+001   -6.33074935400517e-001
-1.13014403292181e+001   -6.19509043927649e-001
-1.11985596707819e+001   -6.09173126614987e-001
-1.11008230452675e+001   -5.93669250645995e-001
-1.09979423868313e+001   -5.84625322997416e-001
-1.09002057613169e+001   -5.72997416020672e-001
-1.08024691358025e+001   -5.60077519379845e-001
-1.06995884773663e+001   -5.52325581395349e-001
-1.06018518518519e+001   -5.43281653746770e-001
-1.04989711934156e+001   -5.27777777777778e-001
-1.04012345679012e+001   -5.18733850129199e-001
-1.02983539094650e+001   -5.03875968992248e-001
-1.02006172839506e+001   -4.96124031007752e-001
-1.00977366255144e+001   -4.83204134366925e-001
-1.00000000000000e+001   -4.73514211886305e-001
-9.90226337448560e+000   -4.66408268733850e-001
-9.79938271604938e+000   -4.53488372093023e-001
-9.70164609053498e+000   -4.42506459948321e-001
-9.59876543209877e+000   -4.30232558139535e-001
-9.50102880658436e+000   -4.21834625322997e-001
