 9.60130718954248e+000    1.35420875420875e+000
 9.70152505446623e+000    1.36453423120090e+000
 9.80174291938998e+000    1.37396184062851e+000
 9.90196078431373e+000    1.38249158249158e+000
 1.00021786492375e+001    1.39416386083053e+000
 1.00980392156863e+001    1.40179573512907e+000
 1.01982570806100e+001    1.41391694725028e+000
 1.02984749455338e+001    1.42379349046016e+000
 1.03986928104575e+001    1.43411896745230e+000
 1.04989106753813e+001    1.44040404040404e+000
 1.05991285403050e+001    1.45252525252525e+000
 1.06993464052288e+001    1.45881032547699e+000
 1.07995642701525e+001    1.47093153759820e+000
 1.10000000000000e+001    1.48395061728395e+000
 1.11002178649237e+001    1.49652076318743e+000
 1.12004357298475e+001    1.50370370370370e+000
 1.13006535947712e+001    1.51133557800224e+000
 1.14008714596950e+001    1.51851851851852e+000
 1.15010893246187e+001    1.52749719416386e+000
 1.16013071895425e+001    1.53512906846240e+000
 1.17015250544662e+001    1.54365881032548e+000
 1.18017429193900e+001    1.55173961840629e+000
 1.19019607843137e+001    1.55802469135802e+000
 1.20021786492375e+001    1.56610549943883e+000
 1.20980392156863e+001    1.57239057239057e+000
 1.21982570806100e+001    1.58361391694725e+000
 1.22984749455338e+001    1.58810325476992e+000
 1.23986928104575e+001    1.59573512906846e+000
 1.24989106753813e+001    1.60067340067340e+000
 1.25991285403050e+001    1.60606060606061e+000
 1.26993464052288e+001    1.61010101010101e+000
 1.27995642701525e+001    1.62087542087542e+000
 1.28997821350763e+001    1.62536475869809e+000
 1.30000000000000e+001    1.63479236812570e+000
 1.31002178649237e+001    1.64466891133558e+000
 1.32004357298475e+001    1.64960718294052e+000
 1.33006535947712e+001    1.65858585858586e+000
 1.34008714596950e+001    1.66487093153760e+000
 1.35010893246187e+001    1.67295173961841e+000
 1.36013071895425e+001    1.67923681257015e+000
 1.37015250544662e+001    1.68641975308642e+000
 1.38017429193900e+001    1.69180695847363e+000
 1.39019607843137e+001    1.70033670033670e+000
 1.40021786492375e+001    1.70976430976431e+000
 1.40980392156863e+001    1.71425364758698e+000
 1.41982570806100e+001    1.72457912457912e+000
 1.42984749455338e+001    1.73221099887767e+000
 1.43986928104575e+001    1.73670033670034e+000
 1.44901960784314e+001    1.74343434343434e+000
 1.45991285403050e+001    1.75375982042649e+000
 1.46993464052288e+001    1.75959595959596e+000
 1.47995642701525e+001    1.76767676767677e+000
 1.49215686274510e+001    1.77575757575758e+000
 1.51176470588235e+001    1.78787878787879e+000
 1.53137254901961e+001    1.80000000000000e+000
 1.54705882352941e+001    1.80808080808081e+000
 1.56666666666667e+001    1.82020202020202e+000
 1.58627450980392e+001    1.82828282828283e+000
 1.59411764705882e+001    1.83232323232323e+000
 1.60021786492375e+001    1.83860830527497e+000
 1.60980392156863e+001    1.83771043771044e+000
 1.61982570806100e+001    1.84085297418631e+000
 1.62984749455338e+001    1.84130190796858e+000
 1.63986928104575e+001    1.84130190796858e+000
 1.64289106753813e+001    1.84175084175084e+000
 1.64589106753813e+001    1.80763187429854e+000
 1.64989106753813e+001    1.78024691358025e+000
 1.64901960784314e+001    1.75959595959596e+000
 1.64117647058824e+001    1.73939393939394e+000
 1.62984749455338e+001    1.71335578002245e+000
 1.61982570806100e+001    1.67474747474748e+000
 1.60980392156863e+001    1.65319865319865e+000
 1.59803921568627e+001    1.61414141414141e+000
 1.59019607843137e+001    1.59034792368126e+000
 1.58017429193900e+001    1.54725028058361e+000
 1.57015250544662e+001    1.53333333333333e+000
 1.55010893246187e+001    1.48260381593715e+000
 1.54705882352941e+001    1.47676767676768e+000
 1.54008714596950e+001    1.46464646464647e+000
 1.52352941176471e+001    1.42828282828283e+000
 1.52004357298475e+001    1.41481481481482e+000
 1.51568627450980e+001    1.40404040404040e+000
 1.50000000000000e+001    1.37126823793490e+000
 1.48997821350763e+001    1.35151515151515e+000
 1.46993464052288e+001    1.31111111111111e+000
 1.45991285403050e+001    1.30258136924804e+000
 1.44989106753813e+001    1.29090909090909e+000
 1.42984749455338e+001    1.25454545454545e+000
 1.41982570806100e+001    1.24421997755331e+000
 1.41372549019608e+001    1.23838383838384e+000
 1.39019607843137e+001    1.20381593714927e+000
 1.38017429193900e+001    1.18989898989899e+000
 1.37015250544662e+001    1.16879910213244e+000
 1.35010893246187e+001    1.15533108866442e+000
 1.34008714596950e+001    1.14320987654321e+000
 1.33006535947712e+001    1.13737373737374e+000
 1.30000000000000e+001    1.09876543209877e+000
 1.28997821350763e+001    1.09203142536476e+000
 1.25991285403050e+001    1.06195286195286e+000
 1.24989106753813e+001    1.05207631874299e+000
 1.23986928104575e+001    1.04668911335578e+000
 1.20980392156863e+001    1.01795735129068e+000
 1.20021786492375e+001    1.01032547699214e+000
 1.16013071895425e+001    9.81144781144781e-001
 1.15010893246187e+001    9.74410774410774e-001
 1.14008714596950e+001    9.67676767676768e-001
 1.11002178649237e+001    9.42985409652076e-001
 1.10000000000000e+001    9.41638608305275e-001
 1.08997821350763e+001    9.40291806958474e-001
 1.04989106753813e+001    9.16947250280584e-001
 1.03986928104575e+001    9.12906846240180e-001
 1.02984749455338e+001    9.12457912457912e-001
 9.90196078431373e+000    8.93153759820426e-001
 9.80174291938998e+000    8.88664421997755e-001
 9.40087145969499e+000    8.78787878787879e-001
 9.30065359477124e+000    8.76992143658810e-001
 9.20043572984750e+000    8.69360269360269e-001
 9.10021786492375e+000    8.68462401795735e-001
 8.79956427015251e+000    8.58585858585859e-001
 8.69934640522876e+000    8.56341189674523e-001
 8.59912854030501e+000    8.54994388327722e-001
 8.49891067538126e+000    8.54545454545455e-001
 8.09803921568627e+000    8.44668911335578e-001
 8.00217864923747e+000    8.44668911335578e-001
 7.90196078431373e+000    8.42424242424242e-001
 7.50108932461874e+000    8.32098765432099e-001
 7.40087145969499e+000    8.28956228956229e-001
 7.30065359477124e+000    8.29405162738496e-001
 6.89978213507625e+000    8.15937149270483e-001
 6.79956427015251e+000    8.13692480359147e-001
 6.69934640522876e+000    8.11896745230079e-001
 6.29847494553377e+000    8.00673400673401e-001
 6.19825708061002e+000    7.97081930415264e-001
 6.09803921568627e+000    7.92592592592593e-001
 5.80174291938998e+000    7.81818181818182e-001
 5.70152505446623e+000    7.80022446689113e-001
 5.60130718954248e+000    7.78226711560045e-001
 5.50108932461874e+000    7.75982042648709e-001
 5.10021786492375e+000    7.58473625140292e-001
 5.00000000000000e+000    7.52188552188552e-001
 4.49891067538126e+000    7.31088664421998e-001
 4.39869281045752e+000    7.27497194163861e-001
 4.29847494553377e+000    7.21212121212121e-001
 3.90196078431373e+000    7.01907968574635e-001
 3.80174291938998e+000    6.96520763187430e-001
 3.40087145969499e+000    6.79012345679012e-001
 3.30065359477124e+000    6.76318742985410e-001
 3.20043572984749e+000    6.72727272727273e-001
 3.00000000000000e+000    6.56565656565657e-001
 2.89978213507625e+000    6.54769921436588e-001
 2.79956427015251e+000    6.53423120089787e-001
 2.69934640522876e+000    6.53872053872054e-001
 2.59912854030501e+000    6.52525252525253e-001
 2.55891067538126e+000    6.44444444444444e-001
 2.49891067538126e+000    6.61952861952862e-001
 2.69934640522876e+000    6.89337822671156e-001
 2.79956427015251e+000    7.01907968574635e-001
 2.89978213507625e+000    7.11335578002245e-001
 3.00000000000000e+000    7.23456790123457e-001
 3.10021786492375e+000    7.35129068462402e-001
 3.20043572984749e+000    7.43658810325477e-001
 3.30065359477124e+000    7.54433221099888e-001
 3.40087145969499e+000    7.62962962962963e-001
 3.50108932461874e+000    7.74635241301908e-001
 3.60130718954248e+000    7.81369248035915e-001
 3.70152505446623e+000    7.93939393939394e-001
 3.80174291938998e+000    8.00224466891134e-001
 3.90196078431373e+000    8.12345679012346e-001
 4.00217864923747e+000    8.24466891133558e-001
 4.09803921568627e+000    8.31200897867565e-001
 4.19825708061002e+000    8.41975308641975e-001
 4.29847494553377e+000    8.50056116722783e-001
 4.39869281045752e+000    8.60381593714927e-001
 4.49891067538126e+000    8.66217732884400e-001
 4.59912854030501e+000    8.76992143658810e-001
 4.69934640522876e+000    8.84175084175084e-001
 4.79956427015251e+000    8.94500561167228e-001
 4.89978213507625e+000    9.03030303030303e-001
 5.00000000000000e+000    9.13804713804714e-001
 5.10021786492375e+000    9.24130190796858e-001
 5.20043572984749e+000    9.32210998877666e-001
 5.30065359477124e+000    9.45679012345679e-001
 5.40087145969499e+000    9.50617283950617e-001
 5.50108932461874e+000    9.61391694725028e-001
 5.60130718954248e+000    9.69921436588103e-001
 5.70152505446623e+000    9.82042648709315e-001
 5.80174291938998e+000    9.90572390572391e-001
 5.90196078431373e+000    1.00224466891134e+000
 6.00217864923747e+000    1.01436588103255e+000
 6.09803921568627e+000    1.02244668911336e+000
 6.19825708061002e+000    1.03367003367003e+000
 6.29847494553377e+000    1.04130190796857e+000
 6.39869281045752e+000    1.05297418630752e+000
 6.49891067538126e+000    1.06105499438833e+000
 6.59912854030501e+000    1.07182940516274e+000
 6.69934640522876e+000    1.07901234567901e+000
 6.79956427015251e+000    1.09068462401796e+000
 6.89978213507625e+000    1.09741863075196e+000
 7.00000000000000e+000    1.11088664421998e+000
 7.10021786492375e+000    1.12166105499439e+000
 7.20043572984750e+000    1.12929292929293e+000
 7.30065359477124e+000    1.14051627384961e+000
 7.40087145969499e+000    1.14769921436588e+000
 7.50108932461874e+000    1.16341189674523e+000
 7.60130718954248e+000    1.17194163860831e+000
 7.70152505446623e+000    1.18406285072952e+000
 7.80174291938998e+000    1.19214365881033e+000
 7.90196078431373e+000    1.20381593714927e+000
 8.00217864923747e+000    1.21548821548822e+000
 8.09803921568627e+000    1.22087542087542e+000
 8.19825708061002e+000    1.23254769921437e+000
 8.29847494553377e+000    1.24017957351291e+000
 8.39869281045752e+000    1.25185185185185e+000
 8.49891067538126e+000    1.25903479236813e+000
 8.59912854030501e+000    1.26846240179574e+000
 8.69934640522876e+000    1.27699214365881e+000
 8.79956427015251e+000    1.28597081930415e+000
 8.89978213507625e+000    1.29315375982043e+000
 9.00000000000000e+000    1.30168350168350e+000
 9.10021786492375e+000    1.31156004489338e+000
 9.20043572984750e+000    1.32053872053872e+000
 9.30065359477124e+000    1.33041526374860e+000
 9.40087145969499e+000    1.33490460157127e+000
 9.50108932461874e+000    1.34523007856341e+000
